           x            5           10           50          100          500         1000
  0.00000000          NaN          NaN          NaN          NaN          NaN          NaN 
  0.25000000   1.90112484   3.80224967  19.01124835  38.02249670 190.11248352 380.22496704 
  0.50000000   1.57126145   3.14252290  15.71261450  31.42522901 157.12614504 314.25229007 
  0.75000000   1.33561973   2.67123946  13.35619729  26.71239458 133.56197292 267.12394585 
  1.00000000   1.15606848   2.31213696  11.56068479  23.12136957 115.60684787 231.21369575 
  1.25000000   1.01440396   2.02880793  10.14403963  20.28807927 101.44039634 202.88079267 
  1.50000000   0.90000963   1.80001926   9.00009631  18.00019263  90.00096315 180.00192629 
  1.75000000   0.80602757   1.61205514   8.06027571  16.12055141  80.60275706 161.20551411 
  2.00000000   0.72774347   1.45548695   7.27743475  14.55486949  72.77434745 145.54869491 
  2.25000000   0.66177809   1.32355618   6.61778088  13.23556175  66.17780877 132.35561754 
  2.50000000   0.60563495   1.21126990   6.05634950  12.11269900  60.56349500 121.12699000 
  2.75000000   0.55742706   1.11485412   5.57427061  11.14854122  55.74270612 111.48541224 
  3.00000000   0.51570203   1.03140405   5.15702025  10.31404051  51.57020255 103.14040509 
  3.25000000   0.47932526   0.95865053   4.79325265   9.58650530  47.93252648  95.86505296 
  3.50000000   0.44739935   0.89479869   4.47399347   8.94798695  44.73993474  89.47986947 
  3.75000000   0.41920674   0.83841349   4.19206745   8.38413490  41.92067449  83.84134897 
  4.00000000   0.39416832   0.78833663   3.94168316   7.88336632  39.41683162  78.83366324 
  4.25000000   0.37181265   0.74362529   3.71812645   7.43625290  37.18126452  74.36252904 
  4.50000000   0.35175305   0.70350609   3.51753046   7.03506091  35.17530455  70.35060910 
  4.75000000   0.33367009   0.66734018   3.33670088   6.67340177  33.36700883  66.73401767 
  5.00000000   0.31729817   0.63459635   3.17298174   6.34596348  31.72981742  63.45963484 
  5.25000000   0.30241511   0.60483022   3.02415109   6.04830219  30.24151094  60.48302188 
  5.50000000   0.28883394   0.57766788   2.88833942   5.77667884  28.88339419  57.76678837 
  5.75000000   0.27639652   0.55279303   2.76396516   5.52793031  27.63965155  55.27930310 
  6.00000000   0.26496834   0.52993669   2.64968344   5.29936688  26.49683438  52.99366876 
  6.25000000   0.25443451   0.50886901   2.54434505   5.08869010  25.44345051  50.88690101 
  6.50000000   0.24469634   0.48939267   2.44696335   4.89392671  24.46963354  48.93926708 
  6.75000000   0.23566875   0.47133750   2.35668749   4.71337498  23.56687488  47.13374975 
  7.00000000   0.22727805   0.45455611   2.27278053   4.54556107  22.72780534  45.45561069 
  7.25000000   0.21946016   0.43892033   2.19460163   4.38920327  21.94601634  43.89203267 
  7.50000000   0.21215913   0.42431825   2.12159126   4.24318253  21.21591263  42.43182526 
  7.75000000   0.20532591   0.41065181   2.05325907   4.10651813  20.53259066  41.06518132 
  8.00000000   0.19891737   0.39783475   1.98917374   3.97834748  19.89173742  39.78347484 
  8.25000000   0.19289546   0.38579092   1.92895461   3.85790922  19.28954612  38.57909225 
  8.50000000   0.18722646   0.37445291   1.87226456   3.74452911  18.72264556  37.44529112 
  8.75000000   0.18188041   0.36376081   1.81880407   3.63760814  18.18804068  36.37608136 
  9.00000000   0.17683062   0.35366125   1.76830624   3.53661249  17.68306243  35.36612487 
  9.25000000   0.17205325   0.34410651   1.72053253   3.44106505  17.20532527  34.41065055 
  9.50000000   0.16752691   0.33505382   1.67526910   3.35053820  16.75269100  33.50538199 
  9.75000000   0.16323238   0.32646476   1.63232379   3.26464758  16.32323789  32.64647578 
 10.00000000   0.15915234   0.31830469   1.59152343   3.18304686  15.91523431  31.83046863 
 10.25000000   0.15527116   0.31054232   1.55271160   3.10542320  15.52711600  31.05423199 
 10.50000000   0.15157466   0.30314933   1.51574665   3.03149329  15.15746647  30.31493294 
 10.75000000   0.14805000   0.29610000   1.48050001   2.96100003  14.80500014  29.61000029 
 11.00000000   0.14468548   0.28937095   1.44685476   2.89370953  14.46854764  28.93709528 
 11.25000000   0.14147043   0.28294086   1.41470430   2.82940861  14.14704303  28.29408606 
 11.50000000   0.13839513   0.27679025   1.38395127   2.76790254  13.83951270  27.67902540 
 11.75000000   0.13545066   0.27090131   1.35450656   2.70901312  13.54506561  27.09013122 
 12.00000000   0.13262885   0.26525770   1.32628848   2.65257695  13.26288477  26.52576954 
 12.25000000   0.12992220   0.25984439   1.29922197   2.59844394  12.99221972  25.98443944 
 12.50000000   0.12732380   0.25464760   1.27323799   2.54647598  12.73237991  25.46475982 
 12.75000000   0.12482729   0.24965458   1.24827289   2.49654577  12.48272887  24.96545775 
 13.00000000   0.12242679   0.24485358   1.22426790   2.44853580  12.24267902  24.48535804 
 13.25000000   0.12011687   0.24023374   1.20116871   2.40233741  12.01168707  24.02337413 
 13.50000000   0.11789250   0.23578500   1.17892499   2.35784998  11.78924992  23.57849985 
 13.75000000   0.11574901   0.23149802   1.15749011   2.31498021  11.57490107  23.14980214 
 14.00000000   0.11368207   0.22736415   1.13682073   2.27364145  11.36820727  22.73641455 
 14.25000000   0.11168766   0.22337531   1.11687657   2.23375314  11.16876570  22.33753140 
 14.50000000   0.10976201   0.21952403   1.09762013   2.19524025  10.97620127  21.95240254 
 14.75000000   0.10790164   0.21580329   1.07901643   2.15803287  10.79016434  21.58032868 
 15.00000000   0.10610329   0.21220657   1.06103286   2.12206571  10.61032856  21.22065712 
 15.25000000   0.10436389   0.20872778   1.04363890   2.08727779  10.43638896  20.87277793 
 15.50000000   0.10268060   0.20536121   1.02680603   2.05361206  10.26806028  20.53612055 
 15.75000000   0.10105075   0.20210151   1.01050753   2.02101506  10.10507532  20.21015064 
 16.00000000   0.09947184   0.19894367   0.99471836   1.98943672   9.94718361  19.89436723 
 16.25000000   0.09794150   0.19588300   0.97941501   1.95883002   9.79415009  19.58830019 
 16.50000000   0.09645754   0.19291508   0.96457539   1.92915079   9.64575394  19.29150787 
 16.75000000   0.09501788   0.19003575   0.95017875   1.90035750   9.50178750  19.00357500 
 17.00000000   0.09362055   0.18724111   0.93620554   1.87241107   9.36205537  18.72411073 
 17.25000000   0.09226373   0.18452747   0.92263734   1.84527469   9.22637343  18.45274686 
 17.50000000   0.09094568   0.18189136   0.90945681   1.81891362   9.09456811  18.18913622 
 17.75000000   0.08966476   0.17932951   0.89664756   1.79329512   8.96647562  17.93295124 
 18.00000000   0.08841941   0.17683882   0.88419412   1.76838825   8.84194125  17.68388249 
 18.25000000   0.08720819   0.17441638   0.87208188   1.74416375   8.72081877  17.44163754 
 18.50000000   0.08602970   0.17205940   0.86029699   1.72059397   8.60296987  17.20593975 
 18.75000000   0.08488264   0.16976527   0.84882636   1.69765272   8.48826361  16.97652723 
 19.00000000   0.08376576   0.16753152   0.83765759   1.67531519   8.37657594  16.75315188 
 19.25000000   0.08267789   0.16535578   0.82677892   1.65355785   8.26778924  16.53557848 
 19.50000000   0.08161792   0.16323584   0.81617919   1.63235839   8.16179195  16.32358389 
 19.75000000   0.08058478   0.16116956   0.80584781   1.61169563   8.05847813  16.11695625 
 20.00000000   0.07957747   0.15915494   0.79577472   1.59154943   7.95774715  15.91549430 
 20.25000000   0.07859503   0.15719007   0.78595034   1.57190067   7.85950336  15.71900672 
 20.50000000   0.07763656   0.15527312   0.77636558   1.55273115   7.76365576  15.52731152 
 20.75000000   0.07670118   0.15340235   0.76701177   1.53402355   7.67011774  15.34023547 
 21.00000000   0.07578807   0.15157614   0.75788068   1.51576136   7.57880681  15.15761362 
 21.25000000   0.07489644   0.14979289   0.74896444   1.49792888   7.48964438  14.97928876 
 21.50000000   0.07402555   0.14805111   0.74025555   1.48051110   7.40255549  14.80511098 
 21.75000000   0.07317469   0.14634937   0.73174686   1.46349373   7.31746865  14.63493729 
 22.00000000   0.07234316   0.14468631   0.72343156   1.44686312   7.23431559  14.46863119 
 22.25000000   0.07153031   0.14306062   0.71530311   1.43060623   7.15303115  14.30606230 
 22.50000000   0.07073553   0.14147106   0.70735530   1.41471061   7.07355303  14.14710605 
 22.75000000   0.06995822   0.13991643   0.69958217   1.39916433   6.99582167  13.99164335 
 23.00000000   0.06919780   0.13839560   0.69197801   1.38395603   6.91978013  13.83956027 
 23.25000000   0.06845374   0.13690748   0.68453739   1.36907478   6.84537390  13.69074779 
 23.50000000   0.06772551   0.13545102   0.67725508   1.35451015   6.77255077  13.54510154 
 23.75000000   0.06701261   0.13402522   0.67012608   1.34025215   6.70126076  13.40252152 
 24.00000000   0.06631456   0.13262912   0.66314560   1.32629119   6.63145596  13.26291192 
 24.25000000   0.06563090   0.13126181   0.65630904   1.31261809   6.56309044  13.12618087 
 24.50000000   0.06496120   0.12992240   0.64961201   1.29922403   6.49612013  12.99224025 
 24.75000000   0.06430503   0.12861006   0.64305028   1.28610055   6.43050275  12.86100550 
 25.00000000   0.06366198   0.12732395   0.63661977   1.27323954   6.36619772  12.73239545 
 25.25000000   0.06303166   0.12606332   0.63031661   1.26063321   6.30316606  12.60633213 
 25.50000000   0.06241370   0.12482741   0.62413703   1.24827406   6.24137032  12.48274063 
 25.75000000   0.06180774   0.12361549   0.61807745   1.23615490   6.18077449  12.36154898 
 26.00000000   0.06121344   0.12242688   0.61213440   1.22426879   6.12134397  12.24268793 
 26.25000000   0.06063045   0.12126091   0.60630455   1.21260909   6.06304545  12.12609090 
 26.50000000   0.06005847   0.12011694   0.60058469   1.20116938   6.00584691  12.01169382 
 26.75000000   0.05949717   0.11899435   0.59497175   1.18994350   5.94971750  11.89943500 
 27.00000000   0.05894628   0.11789255   0.58946275   1.17892550   5.89462752  11.78925504 
 27.25000000   0.05840548   0.11681097   0.58405484   1.16810967   5.84054837  11.68109674 
 27.50000000   0.05787452   0.11574905   0.57874525   1.15749050   5.78745248  11.57490495 
 27.75000000   0.05735313   0.11470627   0.57353133   1.14706265   5.73531326  11.47062653 
 28.00000000   0.05684105   0.11368210   0.56841051   1.13682102   5.68410511  11.36821022 
 28.25000000   0.05633803   0.11267607   0.56338033   1.12676066   5.63380330  11.26760659 
 28.50000000   0.05584384   0.11168768   0.55843840   1.11687679   5.58438397  11.16876794 
 28.75000000   0.05535824   0.11071648   0.55358241   1.10716482   5.53582411  11.07164822 
 29.00000000   0.05488101   0.10976203   0.54881015   1.09762030   5.48810149  10.97620297 
 29.25000000   0.05441195   0.10882389   0.54411946   1.08823893   5.44119464  10.88238927 
 29.50000000   0.05395083   0.10790166   0.53950828   1.07901656   5.39508282  10.79016563 
 29.75000000   0.05349746   0.10699492   0.53497460   1.06994920   5.34974599  10.69949197 
 30.00000000   0.05305165   0.10610330   0.53051648   1.06103295   5.30516477  10.61032954 
 30.25000000   0.05261320   0.10522641   0.52613204   1.05226409   5.26132043  10.52264087 
 30.50000000   0.05218195   0.10436390   0.52181949   1.04363897   5.21819486  10.43638971 
 30.75000000   0.05175771   0.10351541   0.51757705   1.03515410   5.17577051  10.35154101 
 31.00000000   0.05134030   0.10268061   0.51340304   1.02680608   5.13403042  10.26806084 
 31.25000000   0.05092958   0.10185916   0.50929582   1.01859164   5.09295818  10.18591636 
 31.50000000   0.05052538   0.10105076   0.50525379   1.01050758   5.05253788  10.10507575 
 31.75000000   0.05012754   0.10025508   0.50127541   1.00255082   5.01275411  10.02550823 
 32.00000000   0.04973592   0.09947184   0.49735920   0.99471839   4.97359197   9.94718394 
 32.25000000   0.04935037   0.09870074   0.49350370   0.98700740   4.93503700   9.87007399 
 32.50000000   0.04897075   0.09794150   0.48970752   0.97941503   4.89707517   9.79415034 
 32.75000000   0.04859693   0.09719386   0.48596929   0.97193858   4.85969292   9.71938584 
 33.00000000   0.04822877   0.09645754   0.48228771   0.96457541   4.82287706   9.64575413 
 33.25000000   0.04786615   0.09573230   0.47866148   0.95732297   4.78661483   9.57322966 
 33.50000000   0.04750894   0.09501788   0.47508938   0.95017876   4.75089382   9.50178765 
 33.75000000   0.04715702   0.09431404   0.47157020   0.94314040   4.71570202   9.43140404 
 34.00000000   0.04681028   0.09362055   0.46810277   0.93620555   4.68102774   9.36205548 
 34.25000000   0.04646860   0.09293719   0.46468597   0.92937193   4.64685965   9.29371930 
 34.50000000   0.04613187   0.09226374   0.46131868   0.92263735   4.61318676   9.22637351 
 34.75000000   0.04579998   0.09159997   0.45799984   0.91599967   4.57999836   9.15999672 
 35.00000000   0.04547284   0.09094568   0.45472841   0.90945682   4.54728409   9.09456818 
 35.25000000   0.04515034   0.09030068   0.45150338   0.90300677   4.51503385   9.03006769 
 35.50000000   0.04483238   0.08966476   0.44832378   0.89664757   4.48323783   8.96647567 
 35.75000000   0.04451887   0.08903773   0.44518865   0.89037730   4.45188652   8.90377304 
 36.00000000   0.04420971   0.08841941   0.44209706   0.88419413   4.42097064   8.84194128 
 36.25000000   0.04390481   0.08780962   0.43904812   0.87809624   4.39048119   8.78096238 
 36.50000000   0.04360409   0.08720819   0.43604094   0.87208188   4.36040940   8.72081880 
 36.75000000   0.04330747   0.08661494   0.43307468   0.86614935   4.33074675   8.66149350 
 37.00000000   0.04301485   0.08602970   0.43014849   0.86029699   4.30148495   8.60296990 
 37.25000000   0.04272616   0.08545232   0.42726159   0.85452318   4.27261592   8.54523184 
 37.50000000   0.04244132   0.08488264   0.42441318   0.84882636   4.24413182   8.48826363 
 37.75000000   0.04216025   0.08432050   0.42160250   0.84320500   4.21602498   8.43204997 
 38.00000000   0.04188288   0.08376576   0.41882880   0.83765760   4.18828798   8.37657595 
 38.25000000   0.04160914   0.08321827   0.41609135   0.83218271   4.16091354   8.32182709 
 38.50000000   0.04133895   0.08267789   0.41338946   0.82677893   4.13389463   8.26778925 
 38.75000000   0.04107224   0.08214449   0.41072243   0.82144487   4.10722434   8.21444868 
 39.00000000   0.04080896   0.08161792   0.40808960   0.81617920   4.08089598   8.16179195 
 39.25000000   0.04054903   0.08109806   0.40549030   0.81098060   4.05490301   8.10980602 
 39.50000000   0.04029239   0.08058478   0.40292391   0.80584781   4.02923907   8.05847813 
 39.75000000   0.04003898   0.08007796   0.40038979   0.80077959   4.00389794   8.00779588 
 40.00000000   0.03978874   0.07957747   0.39788736   0.79577472   3.97887358   7.95774715 
 40.25000000   0.03954160   0.07908320   0.39541601   0.79083202   3.95416008   7.90832015 
 40.50000000   0.03929752   0.07859503   0.39297517   0.78595034   3.92975168   7.85950336 
 40.75000000   0.03905643   0.07811286   0.39056428   0.78112856   3.90564278   7.81128555 
 41.00000000   0.03881828   0.07763656   0.38818279   0.77636558   3.88182788   7.76365576 
 41.25000000   0.03858302   0.07716603   0.38583017   0.77166033   3.85830165   7.71660330 
 41.50000000   0.03835059   0.07670118   0.38350589   0.76701177   3.83505887   7.67011774 
 41.75000000   0.03812094   0.07624189   0.38120944   0.76241889   3.81209445   7.62418889 
 42.00000000   0.03789403   0.07578807   0.37894034   0.75788068   3.78940341   7.57880681 
 42.25000000   0.03766981   0.07533962   0.37669809   0.75339618   3.76698090   7.53396180 
 42.50000000   0.03744822   0.07489644   0.37448222   0.74896444   3.74482219   7.48964438 
 42.75000000   0.03722923   0.07445845   0.37229226   0.74458453   3.72292265   7.44584529 
 43.00000000   0.03701278   0.07402555   0.37012777   0.74025555   3.70127775   7.40255549 
 43.25000000   0.03679883   0.07359766   0.36798831   0.73597662   3.67988308   7.35976615 
 43.50000000   0.03658734   0.07317469   0.36587343   0.73174686   3.65873432   7.31746865 
 43.75000000   0.03637827   0.07275655   0.36378273   0.72756545   3.63782727   7.27565454 
 44.00000000   0.03617158   0.07234316   0.36171578   0.72343156   3.61715780   7.23431560 
 44.25000000   0.03596722   0.07193444   0.35967219   0.71934438   3.59672188   7.19344376 
 44.50000000   0.03576516   0.07153031   0.35765156   0.71530312   3.57651558   7.15303115 
 44.75000000   0.03556535   0.07113070   0.35565350   0.71130701   3.55653504   7.11307008 
 45.00000000   0.03536777   0.07073553   0.35367765   0.70735530   3.53677651   7.07355303 
 45.25000000   0.03517236   0.07034473   0.35172363   0.70344726   3.51723631   7.03447262 
 45.50000000   0.03497911   0.06995822   0.34979108   0.69958217   3.49791084   6.99582167 
 45.75000000   0.03478797   0.06957593   0.34787966   0.69575931   3.47879657   6.95759314 
 46.00000000   0.03459890   0.06919780   0.34598901   0.69197801   3.45989007   6.91978013 
 46.25000000   0.03441188   0.06882376   0.34411880   0.68823759   3.44118796   6.88237592 
 46.50000000   0.03422687   0.06845374   0.34226869   0.68453739   3.42268695   6.84537390 
 46.75000000   0.03404384   0.06808768   0.34043838   0.68087676   3.40438381   6.80876762 
 47.00000000   0.03386275   0.06772551   0.33862754   0.67725508   3.38627538   6.77255077 
 47.25000000   0.03368359   0.06736717   0.33683586   0.67367172   3.36835858   6.73671717 
 47.50000000   0.03350630   0.06701261   0.33506304   0.67012608   3.35063038   6.70126076 
 47.75000000   0.03333088   0.06666176   0.33330878   0.66661756   3.33308781   6.66617563 
 48.00000000   0.03315728   0.06631456   0.33157280   0.66314560   3.31572798   6.63145596 
 48.25000000   0.03298548   0.06597096   0.32985480   0.65970961   3.29854804   6.59709609 
 48.50000000   0.03281545   0.06563090   0.32815452   0.65630904   3.28154522   6.56309044 
 48.75000000   0.03264717   0.06529434   0.32647168   0.65294336   3.26471678   6.52943356 
 49.00000000   0.03248060   0.06496120   0.32480601   0.64961201   3.24806006   6.49612013 
 49.25000000   0.03231572   0.06463145   0.32315724   0.64631449   3.23157245   6.46314490 
 49.50000000   0.03215251   0.06430503   0.32152514   0.64305028   3.21525138   6.43050275 
 49.75000000   0.03199094   0.06398189   0.31990943   0.63981887   3.19909433   6.39818867 
 50.00000000   0.03183099   0.06366198   0.31830989   0.63661977   3.18309886   6.36619772 
