     x            5           10           50          100          500         1000
 0.000   0.00000000   0.00000000   0.00000000   0.00000000   0.00000000   0.00000000
 0.005   0.00164493   0.00128052   0.00059561   0.00041784   0.00018037   0.00012424
 0.010   0.00326514   0.00253647   0.00116722   0.00081208   0.00033877   0.00022763
 0.015   0.00486090   0.00376827   0.00171580   0.00118407   0.00047785   0.00031365
 0.020   0.00643248   0.00497635   0.00224227   0.00153504   0.00059999   0.00038523
 0.025   0.00798015   0.00616111   0.00274753   0.00186620   0.00070724   0.00044480
 0.030   0.00950416   0.00732295   0.00323243   0.00217866   0.00080141   0.00049436
 0.035   0.01100478   0.00846227   0.00369778   0.00247347   0.00088411   0.00053560
 0.040   0.01248226   0.00957944   0.00414438   0.00275163   0.00095673   0.00056991
 0.045   0.01393685   0.01067484   0.00457298   0.00301409   0.00102050   0.00059847
 0.050   0.01536879   0.01174886   0.00498429   0.00326172   0.00107650   0.00062223
 0.055   0.01677833   0.01280184   0.00537903   0.00349537   0.00112567   0.00064200
 0.060   0.01816570   0.01383415   0.00575785   0.00371583   0.00116885   0.00065845
 0.065   0.01953114   0.01484613   0.00612140   0.00392384   0.00120677   0.00067214
 0.070   0.02087487   0.01583812   0.00647028   0.00412010   0.00124006   0.00068353
 0.075   0.02219714   0.01681047   0.00680509   0.00430527   0.00126930   0.00069300
 0.080   0.02349815   0.01776349   0.00712640   0.00447999   0.00129497   0.00070089
 0.085   0.02477813   0.01869752   0.00743474   0.00464485   0.00131752   0.00070745
 0.090   0.02603730   0.01961286   0.00773064   0.00480039   0.00133731   0.00071291
 0.095   0.02727587   0.02050983   0.00801460   0.00494715   0.00135470   0.00071746
 0.100   0.02849404   0.02138872   0.00828709   0.00508561   0.00136996   0.00072124
 0.105   0.02969203   0.02224985   0.00854858   0.00521626   0.00138337   0.00072438
 0.110   0.03087003   0.02309348   0.00879951   0.00533953   0.00139514   0.00072700
 0.115   0.03202825   0.02391992   0.00904030   0.00545584   0.00140547   0.00072918
 0.120   0.03316687   0.02472945   0.00927137   0.00556558   0.00141455   0.00073099
 0.125   0.03428610   0.02552232   0.00949309   0.00566912   0.00142252   0.00073250
 0.130   0.03538612   0.02629882   0.00970585   0.00576681   0.00142952   0.00073375
 0.135   0.03646712   0.02705920   0.00991000   0.00585898   0.00143567   0.00073480
 0.140   0.03752928   0.02780372   0.01010589   0.00594595   0.00144106   0.00073567
 0.145   0.03857277   0.02853264   0.01029386   0.00602800   0.00144580   0.00073639
 0.150   0.03959778   0.02924620   0.01047421   0.00610542   0.00144996   0.00073699
 0.155   0.04060449   0.02994463   0.01064725   0.00617846   0.00145362   0.00073749
 0.160   0.04159305   0.03062819   0.01081328   0.00624738   0.00145683   0.00073791
 0.165   0.04256363   0.03129709   0.01097257   0.00631240   0.00145964   0.00073826
 0.170   0.04351641   0.03195156   0.01112540   0.00637375   0.00146212   0.00073854
 0.175   0.04445153   0.03259183   0.01127202   0.00643163   0.00146429   0.00073878
 0.180   0.04536917   0.03321811   0.01141268   0.00648623   0.00146620   0.00073898
 0.185   0.04626947   0.03383061   0.01154762   0.00653776   0.00146788   0.00073915
 0.190   0.04715258   0.03442954   0.01167706   0.00658636   0.00146935   0.00073929
 0.195   0.04801866   0.03501510   0.01180123   0.00663222   0.00147064   0.00073940
 0.200   0.04886786   0.03558749   0.01192034   0.00667549   0.00147177   0.00073950
 0.205   0.04970030   0.03614691   0.01203458   0.00671631   0.00147277   0.00073958
 0.210   0.05051614   0.03669353   0.01214415   0.00675481   0.00147364   0.00073964
 0.215   0.05131552   0.03722756   0.01224923   0.00679114   0.00147441   0.00073970
 0.220   0.05209856   0.03774916   0.01235000   0.00682542   0.00147509   0.00073975
 0.225   0.05286540   0.03825851   0.01244664   0.00685775   0.00147568   0.00073978
 0.230   0.05361618   0.03875579   0.01253930   0.00688825   0.00147620   0.00073982
 0.235   0.05435101   0.03924116   0.01262814   0.00691702   0.00147666   0.00073984
 0.240   0.05507002   0.03971479   0.01271331   0.00694416   0.00147706   0.00073986
 0.245   0.05577333   0.04017683   0.01279496   0.00696976   0.00147741   0.00073988
 0.250   0.05646107   0.04062745   0.01287322   0.00699390   0.00147772   0.00073990
 0.255   0.05713334   0.04106680   0.01294823   0.00701668   0.00147799   0.00073991
 0.260   0.05779026   0.04149502   0.01302011   0.00703816   0.00147823   0.00073992
 0.265   0.05843195   0.04191226   0.01308899   0.00705842   0.00147844   0.00073993
 0.270   0.05905850   0.04231865   0.01315497   0.00707753   0.00147862   0.00073994
 0.275   0.05967004   0.04271435   0.01321818   0.00709554   0.00147878   0.00073994
 0.280   0.06026665   0.04309947   0.01327871   0.00711253   0.00147893   0.00073995
 0.285   0.06084844   0.04347416   0.01333668   0.00712855   0.00147905   0.00073995
 0.290   0.06141551   0.04383854   0.01339217   0.00714365   0.00147916   0.00073996
 0.295   0.06196796   0.04419272   0.01344529   0.00715789   0.00147925   0.00073996
 0.300   0.06250587   0.04453683   0.01349611   0.00717131   0.00147934   0.00073996
 0.305   0.06302934   0.04487100   0.01354474   0.00718395   0.00147941   0.00073996
 0.310   0.06353846   0.04519532   0.01359125   0.00719587   0.00147948   0.00073997
 0.315   0.06403331   0.04550991   0.01363571   0.00720710   0.00147954   0.00073997
 0.320   0.06451398   0.04581487   0.01367821   0.00721768   0.00147959   0.00073997
 0.325   0.06498055   0.04611031   0.01371882   0.00722764   0.00147963   0.00073997
 0.330   0.06543309   0.04639634   0.01375759   0.00723702   0.00147967   0.00073997
 0.335   0.06587168   0.04667303   0.01379461   0.00724585   0.00147970   0.00073997
 0.340   0.06629641   0.04694050   0.01382993   0.00725417   0.00147973   0.00073997
 0.345   0.06670733   0.04719882   0.01386362   0.00726198   0.00147976   0.00073997
 0.350   0.06710452   0.04744809   0.01389572   0.00726934   0.00147978   0.00073997
 0.355   0.06748804   0.04768839   0.01392629   0.00727625   0.00147980   0.00073997
 0.360   0.06785797   0.04791980   0.01395539   0.00728275   0.00147982   0.00073997
 0.365   0.06821436   0.04814240   0.01398307   0.00728885   0.00147983   0.00073997
 0.370   0.06855727   0.04835626   0.01400936   0.00729457   0.00147985   0.00073997
 0.375   0.06888676   0.04856146   0.01403432   0.00729994   0.00147986   0.00073997
 0.380   0.06920289   0.04875807   0.01405799   0.00730498   0.00147987   0.00073997
 0.385   0.06950571   0.04894615   0.01408040   0.00730969   0.00147988   0.00073997
 0.390   0.06979527   0.04912577   0.01410160   0.00731410   0.00147989   0.00073997
 0.395   0.07007162   0.04929698   0.01412162   0.00731822   0.00147990   0.00073997
 0.400   0.07033481   0.04945985   0.01414050   0.00732206   0.00147990   0.00073997
 0.405   0.07058487   0.04961442   0.01415826   0.00732564   0.00147991   0.00073997
 0.410   0.07082186   0.04976076   0.01417494   0.00732897   0.00147991   0.00073997
 0.415   0.07104582   0.04989892   0.01419056   0.00733207   0.00147992   0.00073997
 0.420   0.07125677   0.05002892   0.01420515   0.00733493   0.00147992   0.00073997
 0.425   0.07145477   0.05015084   0.01421874   0.00733757   0.00147992   0.00073997
 0.430   0.07163983   0.05026469   0.01423135   0.00734001   0.00147993   0.00073997
 0.435   0.07181199   0.05037053   0.01424300   0.00734224   0.00147993   0.00073997
 0.440   0.07197129   0.05046838   0.01425371   0.00734428   0.00147993   0.00073997
 0.445   0.07211774   0.05055828   0.01426350   0.00734613   0.00147993   0.00073997
 0.450   0.07225138   0.05064027   0.01427238   0.00734780   0.00147993   0.00073997
 0.455   0.07237222   0.05071436   0.01428037   0.00734929   0.00147993   0.00073997
 0.460   0.07248028   0.05078059   0.01428749   0.00735061   0.00147994   0.00073997
 0.465   0.07257559   0.05083897   0.01429374   0.00735177   0.00147994   0.00073997
 0.470   0.07265816   0.05088953   0.01429913   0.00735277   0.00147994   0.00073997
 0.475   0.07272800   0.05093228   0.01430368   0.00735360   0.00147994   0.00073997
 0.480   0.07278513   0.05096724   0.01430739   0.00735428   0.00147994   0.00073997
 0.485   0.07282955   0.05099442   0.01431027   0.00735481   0.00147994   0.00073997
 0.490   0.07286127   0.05101383   0.01431233   0.00735518   0.00147994   0.00073997
 0.495   0.07288031   0.05102547   0.01431356   0.00735541   0.00147994   0.00073997
 0.500   0.07288665   0.05102935   0.01431397   0.00735548   0.00147994   0.00073997
 0.505   0.07288031   0.05102547   0.01431356   0.00735541   0.00147994   0.00073997
 0.510   0.07286127   0.05101383   0.01431233   0.00735518   0.00147994   0.00073997
 0.515   0.07282955   0.05099442   0.01431027   0.00735481   0.00147994   0.00073997
 0.520   0.07278513   0.05096724   0.01430739   0.00735428   0.00147994   0.00073997
 0.525   0.07272800   0.05093228   0.01430368   0.00735360   0.00147994   0.00073997
 0.530   0.07265816   0.05088953   0.01429913   0.00735277   0.00147994   0.00073997
 0.535   0.07257559   0.05083897   0.01429374   0.00735177   0.00147994   0.00073997
 0.540   0.07248028   0.05078059   0.01428749   0.00735061   0.00147994   0.00073997
 0.545   0.07237222   0.05071436   0.01428037   0.00734929   0.00147993   0.00073997
 0.550   0.07225138   0.05064027   0.01427238   0.00734780   0.00147993   0.00073997
 0.555   0.07211774   0.05055828   0.01426350   0.00734613   0.00147993   0.00073997
 0.560   0.07197129   0.05046838   0.01425371   0.00734428   0.00147993   0.00073997
 0.565   0.07181199   0.05037053   0.01424300   0.00734224   0.00147993   0.00073997
 0.570   0.07163983   0.05026469   0.01423135   0.00734001   0.00147993   0.00073997
 0.575   0.07145477   0.05015084   0.01421874   0.00733757   0.00147992   0.00073997
 0.580   0.07125677   0.05002892   0.01420515   0.00733493   0.00147992   0.00073997
 0.585   0.07104582   0.04989892   0.01419056   0.00733207   0.00147992   0.00073997
 0.590   0.07082186   0.04976076   0.01417494   0.00732897   0.00147991   0.00073997
 0.595   0.07058487   0.04961442   0.01415826   0.00732564   0.00147991   0.00073997
 0.600   0.07033481   0.04945985   0.01414050   0.00732206   0.00147990   0.00073997
 0.605   0.07007162   0.04929698   0.01412162   0.00731822   0.00147990   0.00073997
 0.610   0.06979527   0.04912577   0.01410160   0.00731410   0.00147989   0.00073997
 0.615   0.06950571   0.04894615   0.01408040   0.00730969   0.00147988   0.00073997
 0.620   0.06920289   0.04875807   0.01405799   0.00730498   0.00147987   0.00073997
 0.625   0.06888676   0.04856146   0.01403432   0.00729994   0.00147986   0.00073997
 0.630   0.06855727   0.04835626   0.01400936   0.00729457   0.00147985   0.00073997
 0.635   0.06821436   0.04814240   0.01398307   0.00728885   0.00147983   0.00073997
 0.640   0.06785797   0.04791980   0.01395539   0.00728275   0.00147982   0.00073997
 0.645   0.06748804   0.04768839   0.01392629   0.00727625   0.00147980   0.00073997
 0.650   0.06710452   0.04744809   0.01389572   0.00726934   0.00147978   0.00073997
 0.655   0.06670733   0.04719882   0.01386362   0.00726198   0.00147976   0.00073997
 0.660   0.06629641   0.04694050   0.01382993   0.00725417   0.00147973   0.00073997
 0.665   0.06587168   0.04667303   0.01379461   0.00724585   0.00147970   0.00073997
 0.670   0.06543309   0.04639634   0.01375759   0.00723702   0.00147967   0.00073997
 0.675   0.06498055   0.04611031   0.01371882   0.00722764   0.00147963   0.00073997
 0.680   0.06451398   0.04581487   0.01367821   0.00721768   0.00147959   0.00073997
 0.685   0.06403331   0.04550991   0.01363571   0.00720710   0.00147954   0.00073997
 0.690   0.06353846   0.04519532   0.01359125   0.00719587   0.00147948   0.00073997
 0.695   0.06302934   0.04487100   0.01354474   0.00718395   0.00147941   0.00073996
 0.700   0.06250587   0.04453683   0.01349611   0.00717131   0.00147934   0.00073996
 0.705   0.06196796   0.04419272   0.01344529   0.00715789   0.00147925   0.00073996
 0.710   0.06141551   0.04383854   0.01339217   0.00714365   0.00147916   0.00073996
 0.715   0.06084844   0.04347416   0.01333668   0.00712855   0.00147905   0.00073995
 0.720   0.06026665   0.04309947   0.01327871   0.00711253   0.00147893   0.00073995
 0.725   0.05967004   0.04271435   0.01321818   0.00709554   0.00147878   0.00073994
 0.730   0.05905850   0.04231865   0.01315497   0.00707753   0.00147862   0.00073994
 0.735   0.05843195   0.04191226   0.01308899   0.00705842   0.00147844   0.00073993
 0.740   0.05779026   0.04149502   0.01302011   0.00703816   0.00147823   0.00073992
 0.745   0.05713334   0.04106680   0.01294823   0.00701668   0.00147799   0.00073991
 0.750   0.05646107   0.04062745   0.01287322   0.00699390   0.00147772   0.00073990
 0.755   0.05577333   0.04017683   0.01279496   0.00696976   0.00147741   0.00073988
 0.760   0.05507002   0.03971479   0.01271331   0.00694416   0.00147706   0.00073986
 0.765   0.05435101   0.03924116   0.01262814   0.00691702   0.00147666   0.00073984
 0.770   0.05361618   0.03875579   0.01253930   0.00688825   0.00147620   0.00073982
 0.775   0.05286540   0.03825851   0.01244664   0.00685775   0.00147568   0.00073978
 0.780   0.05209856   0.03774916   0.01235000   0.00682542   0.00147509   0.00073975
 0.785   0.05131552   0.03722756   0.01224923   0.00679114   0.00147441   0.00073970
 0.790   0.05051614   0.03669353   0.01214415   0.00675481   0.00147364   0.00073964
 0.795   0.04970030   0.03614691   0.01203458   0.00671631   0.00147277   0.00073958
 0.800   0.04886786   0.03558749   0.01192034   0.00667549   0.00147177   0.00073950
 0.805   0.04801866   0.03501510   0.01180123   0.00663222   0.00147064   0.00073940
 0.810   0.04715258   0.03442954   0.01167706   0.00658636   0.00146935   0.00073929
 0.815   0.04626947   0.03383061   0.01154762   0.00653776   0.00146788   0.00073915
 0.820   0.04536917   0.03321811   0.01141268   0.00648623   0.00146620   0.00073898
 0.825   0.04445153   0.03259183   0.01127202   0.00643163   0.00146429   0.00073878
 0.830   0.04351641   0.03195156   0.01112540   0.00637375   0.00146212   0.00073854
 0.835   0.04256363   0.03129709   0.01097257   0.00631240   0.00145964   0.00073826
 0.840   0.04159305   0.03062819   0.01081328   0.00624738   0.00145683   0.00073791
 0.845   0.04060449   0.02994463   0.01064725   0.00617846   0.00145362   0.00073749
 0.850   0.03959778   0.02924620   0.01047421   0.00610542   0.00144996   0.00073699
 0.855   0.03857277   0.02853264   0.01029386   0.00602800   0.00144580   0.00073639
 0.860   0.03752928   0.02780372   0.01010589   0.00594595   0.00144106   0.00073567
 0.865   0.03646712   0.02705920   0.00991000   0.00585898   0.00143567   0.00073480
 0.870   0.03538612   0.02629882   0.00970585   0.00576681   0.00142952   0.00073375
 0.875   0.03428610   0.02552232   0.00949309   0.00566912   0.00142252   0.00073250
 0.880   0.03316687   0.02472945   0.00927137   0.00556558   0.00141455   0.00073099
 0.885   0.03202825   0.02391992   0.00904030   0.00545584   0.00140547   0.00072918
 0.890   0.03087003   0.02309348   0.00879951   0.00533953   0.00139514   0.00072700
 0.895   0.02969203   0.02224985   0.00854858   0.00521626   0.00138337   0.00072438
 0.900   0.02849404   0.02138872   0.00828709   0.00508561   0.00136996   0.00072124
 0.905   0.02727587   0.02050983   0.00801460   0.00494715   0.00135470   0.00071746
 0.910   0.02603730   0.01961286   0.00773064   0.00480039   0.00133731   0.00071291
 0.915   0.02477813   0.01869752   0.00743474   0.00464485   0.00131752   0.00070745
 0.920   0.02349815   0.01776349   0.00712640   0.00447999   0.00129497   0.00070089
 0.925   0.02219714   0.01681047   0.00680509   0.00430527   0.00126930   0.00069300
 0.930   0.02087487   0.01583812   0.00647028   0.00412010   0.00124006   0.00068353
 0.935   0.01953114   0.01484613   0.00612140   0.00392384   0.00120677   0.00067214
 0.940   0.01816570   0.01383415   0.00575785   0.00371583   0.00116885   0.00065845
 0.945   0.01677833   0.01280184   0.00537903   0.00349537   0.00112567   0.00064200
 0.950   0.01536879   0.01174886   0.00498429   0.00326172   0.00107650   0.00062223
 0.955   0.01393685   0.01067484   0.00457298   0.00301409   0.00102050   0.00059847
 0.960   0.01248226   0.00957944   0.00414438   0.00275163   0.00095673   0.00056991
 0.965   0.01100478   0.00846227   0.00369778   0.00247347   0.00088411   0.00053560
 0.970   0.00950416   0.00732295   0.00323243   0.00217866   0.00080141   0.00049436
 0.975   0.00798015   0.00616111   0.00274753   0.00186620   0.00070724   0.00044480
 0.980   0.00643248   0.00497635   0.00224227   0.00153504   0.00059999   0.00038523
 0.985   0.00486090   0.00376827   0.00171580   0.00118407   0.00047785   0.00031365
 0.990   0.00326514   0.00253647   0.00116722   0.00081208   0.00033877   0.00022763
 0.995   0.00164493   0.00128052   0.00059561   0.00041784   0.00018037   0.00012424
 1.000   0.00000000   0.00000000   0.00000000   0.00000000   0.00000000   0.00000000
