     x         7.56         24.8          342      1656.81         2000         3000
 0.000  -0.00004350  -0.00003083  -0.00001171  -0.00000678  -0.00000637  -0.00000557
 0.005   0.00022022   0.00023177   0.00024922   0.00025371   0.00025409   0.00025482
 0.010   0.00046078   0.00047132   0.00048723   0.00049133   0.00049168   0.00049235
 0.015   0.00068022   0.00068984   0.00070435   0.00070809   0.00070840   0.00070901
 0.020   0.00088039   0.00088916   0.00090240   0.00090581   0.00090610   0.00090666
 0.025   0.00106298   0.00107099   0.00108306   0.00108618   0.00108644   0.00108694
 0.030   0.00122954   0.00123685   0.00124786   0.00125070   0.00125094   0.00125140
 0.035   0.00138148   0.00138814   0.00139819   0.00140078   0.00140100   0.00140142
 0.040   0.00152008   0.00152615   0.00153532   0.00153768   0.00153788   0.00153826
 0.045   0.00164650   0.00165204   0.00166041   0.00166256   0.00166274   0.00166309
 0.050   0.00176183   0.00176688   0.00177451   0.00177648   0.00177664   0.00177696
 0.055   0.00186703   0.00187164   0.00187859   0.00188039   0.00188054   0.00188083
 0.060   0.00196299   0.00196719   0.00197354   0.00197518   0.00197531   0.00197558
 0.065   0.00205052   0.00205436   0.00206015   0.00206164   0.00206177   0.00206201
 0.070   0.00213037   0.00213387   0.00213915   0.00214051   0.00214063   0.00214085
 0.075   0.00220321   0.00220640   0.00221122   0.00221246   0.00221256   0.00221277
 0.080   0.00226965   0.00227256   0.00227696   0.00227809   0.00227818   0.00227837
 0.085   0.00233026   0.00233292   0.00233692   0.00233796   0.00233804   0.00233821
 0.090   0.00238554   0.00238797   0.00239162   0.00239257   0.00239265   0.00239280
 0.095   0.00243598   0.00243819   0.00244152   0.00244238   0.00244245   0.00244259
 0.100   0.00248198   0.00248400   0.00248704   0.00248782   0.00248789   0.00248802
 0.105   0.00252394   0.00252578   0.00252856   0.00252927   0.00252933   0.00252945
 0.110   0.00256222   0.00256390   0.00256643   0.00256709   0.00256714   0.00256725
 0.115   0.00259714   0.00259867   0.00260098   0.00260158   0.00260163   0.00260172
 0.120   0.00262899   0.00263039   0.00263250   0.00263304   0.00263308   0.00263317
 0.125   0.00265805   0.00265932   0.00266124   0.00266174   0.00266178   0.00266186
 0.130   0.00268455   0.00268571   0.00268747   0.00268792   0.00268796   0.00268803
 0.135   0.00270873   0.00270979   0.00271139   0.00271180   0.00271183   0.00271190
 0.140   0.00273078   0.00273175   0.00273321   0.00273358   0.00273362   0.00273368
 0.145   0.00275090   0.00275178   0.00275311   0.00275346   0.00275348   0.00275354
 0.150   0.00276925   0.00277006   0.00277127   0.00277158   0.00277161   0.00277166
 0.155   0.00278599   0.00278672   0.00278783   0.00278812   0.00278814   0.00278819
 0.160   0.00280126   0.00280193   0.00280294   0.00280320   0.00280322   0.00280326
 0.165   0.00281519   0.00281580   0.00281672   0.00281696   0.00281698   0.00281702
 0.170   0.00282790   0.00282845   0.00282929   0.00282951   0.00282953   0.00282956
 0.175   0.00283949   0.00283999   0.00284076   0.00284096   0.00284097   0.00284101
 0.180   0.00285006   0.00285052   0.00285122   0.00285140   0.00285142   0.00285145
 0.185   0.00285970   0.00286013   0.00286076   0.00286093   0.00286094   0.00286097
 0.190   0.00286850   0.00286889   0.00286947   0.00286962   0.00286963   0.00286965
 0.195   0.00287652   0.00287688   0.00287741   0.00287754   0.00287756   0.00287758
 0.200   0.00288384   0.00288417   0.00288465   0.00288477   0.00288478   0.00288481
 0.205   0.00289052   0.00289081   0.00289126   0.00289137   0.00289138   0.00289140
 0.210   0.00289661   0.00289688   0.00289728   0.00289739   0.00289740   0.00289741
 0.215   0.00290217   0.00290241   0.00290278   0.00290287   0.00290288   0.00290290
 0.220   0.00290724   0.00290746   0.00290779   0.00290788   0.00290789   0.00290790
 0.225   0.00291186   0.00291206   0.00291237   0.00291245   0.00291245   0.00291247
 0.230   0.00291608   0.00291626   0.00291654   0.00291661   0.00291662   0.00291663
 0.235   0.00291992   0.00292009   0.00292035   0.00292041   0.00292042   0.00292043
 0.240   0.00292343   0.00292359   0.00292382   0.00292388   0.00292388   0.00292389
 0.245   0.00292663   0.00292678   0.00292699   0.00292704   0.00292705   0.00292705
 0.250   0.00292955   0.00292968   0.00292988   0.00292993   0.00292993   0.00292994
 0.255   0.00293222   0.00293233   0.00293251   0.00293256   0.00293256   0.00293257
 0.260   0.00293465   0.00293475   0.00293491   0.00293496   0.00293496   0.00293497
 0.265   0.00293686   0.00293696   0.00293711   0.00293715   0.00293715   0.00293715
 0.270   0.00293889   0.00293897   0.00293911   0.00293914   0.00293914   0.00293915
 0.275   0.00294073   0.00294081   0.00294093   0.00294096   0.00294097   0.00294097
 0.280   0.00294241   0.00294248   0.00294260   0.00294262   0.00294263   0.00294263
 0.285   0.00294394   0.00294401   0.00294411   0.00294414   0.00294414   0.00294415
 0.290   0.00294534   0.00294541   0.00294550   0.00294552   0.00294552   0.00294553
 0.295   0.00294662   0.00294668   0.00294676   0.00294678   0.00294678   0.00294679
 0.300   0.00294778   0.00294784   0.00294791   0.00294793   0.00294793   0.00294794
 0.305   0.00294885   0.00294889   0.00294896   0.00294898   0.00294898   0.00294899
 0.310   0.00294981   0.00294986   0.00294992   0.00294994   0.00294994   0.00294994
 0.315   0.00295070   0.00295074   0.00295080   0.00295081   0.00295081   0.00295081
 0.320   0.00295150   0.00295154   0.00295159   0.00295161   0.00295161   0.00295161
 0.325   0.00295224   0.00295227   0.00295232   0.00295233   0.00295233   0.00295233
 0.330   0.00295291   0.00295294   0.00295298   0.00295299   0.00295299   0.00295300
 0.335   0.00295352   0.00295355   0.00295359   0.00295360   0.00295360   0.00295360
 0.340   0.00295408   0.00295410   0.00295414   0.00295415   0.00295415   0.00295415
 0.345   0.00295458   0.00295461   0.00295464   0.00295465   0.00295465   0.00295465
 0.350   0.00295505   0.00295507   0.00295510   0.00295511   0.00295511   0.00295511
 0.355   0.00295547   0.00295549   0.00295552   0.00295552   0.00295552   0.00295552
 0.360   0.00295585   0.00295587   0.00295590   0.00295590   0.00295590   0.00295590
 0.365   0.00295620   0.00295622   0.00295624   0.00295625   0.00295625   0.00295625
 0.370   0.00295652   0.00295654   0.00295656   0.00295656   0.00295656   0.00295657
 0.375   0.00295681   0.00295683   0.00295685   0.00295685   0.00295685   0.00295685
 0.380   0.00295708   0.00295709   0.00295711   0.00295711   0.00295711   0.00295711
 0.385   0.00295732   0.00295733   0.00295735   0.00295735   0.00295735   0.00295735
 0.390   0.00295754   0.00295755   0.00295756   0.00295757   0.00295757   0.00295757
 0.395   0.00295774   0.00295775   0.00295776   0.00295776   0.00295776   0.00295777
 0.400   0.00295792   0.00295793   0.00295794   0.00295794   0.00295794   0.00295794
 0.405   0.00295808   0.00295809   0.00295810   0.00295811   0.00295811   0.00295811
 0.410   0.00295823   0.00295824   0.00295825   0.00295825   0.00295825   0.00295825
 0.415   0.00295837   0.00295837   0.00295838   0.00295839   0.00295839   0.00295839
 0.420   0.00295849   0.00295850   0.00295850   0.00295851   0.00295851   0.00295851
 0.425   0.00295860   0.00295861   0.00295861   0.00295862   0.00295862   0.00295862
 0.430   0.00295870   0.00295870   0.00295871   0.00295871   0.00295871   0.00295871
 0.435   0.00295879   0.00295879   0.00295880   0.00295880   0.00295880   0.00295880
 0.440   0.00295887   0.00295887   0.00295888   0.00295888   0.00295888   0.00295888
 0.445   0.00295894   0.00295894   0.00295895   0.00295895   0.00295895   0.00295895
 0.450   0.00295900   0.00295901   0.00295901   0.00295901   0.00295901   0.00295901
 0.455   0.00295906   0.00295906   0.00295907   0.00295907   0.00295907   0.00295907
 0.460   0.00295911   0.00295911   0.00295912   0.00295912   0.00295912   0.00295912
 0.465   0.00295915   0.00295915   0.00295916   0.00295916   0.00295916   0.00295916
 0.470   0.00295919   0.00295919   0.00295919   0.00295919   0.00295919   0.00295919
 0.475   0.00295921   0.00295922   0.00295922   0.00295922   0.00295922   0.00295922
 0.480   0.00295924   0.00295924   0.00295925   0.00295925   0.00295925   0.00295925
 0.485   0.00295926   0.00295926   0.00295926   0.00295926   0.00295927   0.00295927
 0.490   0.00295927   0.00295927   0.00295928   0.00295928   0.00295928   0.00295928
 0.495   0.00295928   0.00295928   0.00295928   0.00295929   0.00295929   0.00295929
 0.500   0.00295928   0.00295928   0.00295929   0.00295929   0.00295929   0.00295929
 0.505   0.00295928   0.00295928   0.00295928   0.00295929   0.00295929   0.00295929
 0.510   0.00295927   0.00295927   0.00295928   0.00295928   0.00295928   0.00295928
 0.515   0.00295926   0.00295926   0.00295926   0.00295926   0.00295927   0.00295927
 0.520   0.00295924   0.00295924   0.00295925   0.00295925   0.00295925   0.00295925
 0.525   0.00295921   0.00295922   0.00295922   0.00295922   0.00295922   0.00295922
 0.530   0.00295919   0.00295919   0.00295919   0.00295919   0.00295919   0.00295919
 0.535   0.00295915   0.00295915   0.00295916   0.00295916   0.00295916   0.00295916
 0.540   0.00295911   0.00295911   0.00295912   0.00295912   0.00295912   0.00295912
 0.545   0.00295906   0.00295906   0.00295907   0.00295907   0.00295907   0.00295907
 0.550   0.00295900   0.00295901   0.00295901   0.00295901   0.00295901   0.00295901
 0.555   0.00295894   0.00295894   0.00295895   0.00295895   0.00295895   0.00295895
 0.560   0.00295887   0.00295887   0.00295888   0.00295888   0.00295888   0.00295888
 0.565   0.00295879   0.00295879   0.00295880   0.00295880   0.00295880   0.00295880
 0.570   0.00295870   0.00295870   0.00295871   0.00295871   0.00295871   0.00295871
 0.575   0.00295860   0.00295861   0.00295861   0.00295862   0.00295862   0.00295862
 0.580   0.00295849   0.00295850   0.00295850   0.00295851   0.00295851   0.00295851
 0.585   0.00295837   0.00295837   0.00295838   0.00295839   0.00295839   0.00295839
 0.590   0.00295823   0.00295824   0.00295825   0.00295825   0.00295825   0.00295825
 0.595   0.00295808   0.00295809   0.00295810   0.00295811   0.00295811   0.00295811
 0.600   0.00295792   0.00295793   0.00295794   0.00295794   0.00295794   0.00295794
 0.605   0.00295774   0.00295775   0.00295776   0.00295776   0.00295776   0.00295777
 0.610   0.00295754   0.00295755   0.00295756   0.00295757   0.00295757   0.00295757
 0.615   0.00295732   0.00295733   0.00295735   0.00295735   0.00295735   0.00295735
 0.620   0.00295708   0.00295709   0.00295711   0.00295711   0.00295711   0.00295711
 0.625   0.00295681   0.00295683   0.00295685   0.00295685   0.00295685   0.00295685
 0.630   0.00295652   0.00295654   0.00295656   0.00295656   0.00295656   0.00295657
 0.635   0.00295620   0.00295622   0.00295624   0.00295625   0.00295625   0.00295625
 0.640   0.00295585   0.00295587   0.00295590   0.00295590   0.00295590   0.00295590
 0.645   0.00295547   0.00295549   0.00295552   0.00295552   0.00295552   0.00295552
 0.650   0.00295505   0.00295507   0.00295510   0.00295511   0.00295511   0.00295511
 0.655   0.00295458   0.00295461   0.00295464   0.00295465   0.00295465   0.00295465
 0.660   0.00295408   0.00295410   0.00295414   0.00295415   0.00295415   0.00295415
 0.665   0.00295352   0.00295355   0.00295359   0.00295360   0.00295360   0.00295360
 0.670   0.00295291   0.00295294   0.00295298   0.00295299   0.00295299   0.00295300
 0.675   0.00295224   0.00295227   0.00295232   0.00295233   0.00295233   0.00295233
 0.680   0.00295150   0.00295154   0.00295159   0.00295161   0.00295161   0.00295161
 0.685   0.00295070   0.00295074   0.00295080   0.00295081   0.00295081   0.00295081
 0.690   0.00294981   0.00294986   0.00294992   0.00294994   0.00294994   0.00294994
 0.695   0.00294885   0.00294889   0.00294896   0.00294898   0.00294898   0.00294899
 0.700   0.00294778   0.00294784   0.00294791   0.00294793   0.00294793   0.00294794
 0.705   0.00294662   0.00294668   0.00294676   0.00294678   0.00294678   0.00294679
 0.710   0.00294534   0.00294541   0.00294550   0.00294552   0.00294552   0.00294553
 0.715   0.00294394   0.00294401   0.00294411   0.00294414   0.00294414   0.00294415
 0.720   0.00294241   0.00294248   0.00294260   0.00294262   0.00294263   0.00294263
 0.725   0.00294073   0.00294081   0.00294093   0.00294096   0.00294097   0.00294097
 0.730   0.00293889   0.00293897   0.00293911   0.00293914   0.00293914   0.00293915
 0.735   0.00293686   0.00293696   0.00293711   0.00293715   0.00293715   0.00293715
 0.740   0.00293465   0.00293475   0.00293491   0.00293496   0.00293496   0.00293497
 0.745   0.00293222   0.00293233   0.00293251   0.00293256   0.00293256   0.00293257
 0.750   0.00292955   0.00292968   0.00292988   0.00292993   0.00292993   0.00292994
 0.755   0.00292663   0.00292678   0.00292699   0.00292704   0.00292705   0.00292705
 0.760   0.00292343   0.00292359   0.00292382   0.00292388   0.00292388   0.00292389
 0.765   0.00291992   0.00292009   0.00292035   0.00292041   0.00292042   0.00292043
 0.770   0.00291608   0.00291626   0.00291654   0.00291661   0.00291662   0.00291663
 0.775   0.00291186   0.00291206   0.00291237   0.00291245   0.00291245   0.00291247
 0.780   0.00290724   0.00290746   0.00290779   0.00290788   0.00290789   0.00290790
 0.785   0.00290217   0.00290241   0.00290278   0.00290287   0.00290288   0.00290290
 0.790   0.00289661   0.00289688   0.00289728   0.00289739   0.00289740   0.00289741
 0.795   0.00289052   0.00289081   0.00289126   0.00289137   0.00289138   0.00289140
 0.800   0.00288384   0.00288417   0.00288465   0.00288477   0.00288478   0.00288481
 0.805   0.00287652   0.00287688   0.00287741   0.00287754   0.00287756   0.00287758
 0.810   0.00286850   0.00286889   0.00286947   0.00286962   0.00286963   0.00286965
 0.815   0.00285970   0.00286013   0.00286076   0.00286093   0.00286094   0.00286097
 0.820   0.00285006   0.00285052   0.00285122   0.00285140   0.00285142   0.00285145
 0.825   0.00283949   0.00283999   0.00284076   0.00284096   0.00284097   0.00284101
 0.830   0.00282790   0.00282845   0.00282929   0.00282951   0.00282953   0.00282956
 0.835   0.00281519   0.00281580   0.00281672   0.00281696   0.00281698   0.00281702
 0.840   0.00280126   0.00280193   0.00280294   0.00280320   0.00280322   0.00280326
 0.845   0.00278599   0.00278672   0.00278783   0.00278812   0.00278814   0.00278819
 0.850   0.00276925   0.00277006   0.00277127   0.00277158   0.00277161   0.00277166
 0.855   0.00275090   0.00275178   0.00275311   0.00275346   0.00275348   0.00275354
 0.860   0.00273078   0.00273175   0.00273321   0.00273358   0.00273362   0.00273368
 0.865   0.00270873   0.00270979   0.00271139   0.00271180   0.00271183   0.00271190
 0.870   0.00268455   0.00268571   0.00268747   0.00268792   0.00268796   0.00268803
 0.875   0.00265805   0.00265932   0.00266124   0.00266174   0.00266178   0.00266186
 0.880   0.00262899   0.00263039   0.00263250   0.00263304   0.00263308   0.00263317
 0.885   0.00259714   0.00259867   0.00260098   0.00260158   0.00260163   0.00260172
 0.890   0.00256222   0.00256390   0.00256643   0.00256709   0.00256714   0.00256725
 0.895   0.00252394   0.00252578   0.00252856   0.00252927   0.00252933   0.00252945
 0.900   0.00248198   0.00248400   0.00248704   0.00248782   0.00248789   0.00248802
 0.905   0.00243598   0.00243819   0.00244152   0.00244238   0.00244245   0.00244259
 0.910   0.00238554   0.00238797   0.00239162   0.00239257   0.00239265   0.00239280
 0.915   0.00233026   0.00233292   0.00233692   0.00233796   0.00233804   0.00233821
 0.920   0.00226965   0.00227256   0.00227696   0.00227809   0.00227818   0.00227837
 0.925   0.00220321   0.00220640   0.00221122   0.00221246   0.00221256   0.00221277
 0.930   0.00213037   0.00213387   0.00213915   0.00214051   0.00214063   0.00214085
 0.935   0.00205052   0.00205436   0.00206015   0.00206164   0.00206177   0.00206201
 0.940   0.00196299   0.00196719   0.00197354   0.00197518   0.00197531   0.00197558
 0.945   0.00186703   0.00187164   0.00187859   0.00188039   0.00188054   0.00188083
 0.950   0.00176183   0.00176688   0.00177451   0.00177648   0.00177664   0.00177696
 0.955   0.00164650   0.00165204   0.00166041   0.00166256   0.00166274   0.00166309
 0.960   0.00152008   0.00152615   0.00153532   0.00153768   0.00153788   0.00153826
 0.965   0.00138148   0.00138814   0.00139819   0.00140078   0.00140100   0.00140142
 0.970   0.00122954   0.00123685   0.00124786   0.00125070   0.00125094   0.00125140
 0.975   0.00106298   0.00107099   0.00108306   0.00108618   0.00108644   0.00108694
 0.980   0.00088039   0.00088916   0.00090240   0.00090581   0.00090610   0.00090666
 0.985   0.00068022   0.00068984   0.00070435   0.00070809   0.00070840   0.00070901
 0.990   0.00046078   0.00047132   0.00048723   0.00049133   0.00049168   0.00049235
 0.995   0.00022022   0.00023177   0.00024922   0.00025371   0.00025409   0.00025482
 1.000  -0.00004350  -0.00003083  -0.00001171  -0.00000678  -0.00000637  -0.00000557
