     x          500         1500         2500         3500         4500         5500
 0.000  -0.00004973  -0.00003928  -0.00001214  -0.00000782  -0.00000588  -0.00000476
 0.005   0.00021454   0.00022407   0.00024882   0.00025277   0.00025454   0.00025556
 0.010   0.00045560   0.00046429   0.00048687   0.00049047   0.00049209   0.00049302
 0.015   0.00067549   0.00068343   0.00070402   0.00070730   0.00070878   0.00070963
 0.020   0.00087608   0.00088331   0.00090210   0.00090510   0.00090644   0.00090722
 0.025   0.00105905   0.00106565   0.00108279   0.00108552   0.00108675   0.00108746
 0.030   0.00122596   0.00123198   0.00124761   0.00125010   0.00125122   0.00125187
 0.035   0.00137821   0.00138370   0.00139796   0.00140023   0.00140126   0.00140184
 0.040   0.00151709   0.00152210   0.00153511   0.00153718   0.00153811   0.00153865
 0.045   0.00164378   0.00164835   0.00166022   0.00166211   0.00166296   0.00166345
 0.050   0.00175934   0.00176351   0.00177434   0.00177606   0.00177684   0.00177728
 0.055   0.00186476   0.00186856   0.00187844   0.00188001   0.00188072   0.00188112
 0.060   0.00196092   0.00196439   0.00197340   0.00197483   0.00197548   0.00197585
 0.065   0.00204864   0.00205180   0.00206002   0.00206133   0.00206191   0.00206225
 0.070   0.00212865   0.00213154   0.00213903   0.00214023   0.00214076   0.00214107
 0.075   0.00220164   0.00220427   0.00221111   0.00221220   0.00221269   0.00221297
 0.080   0.00226822   0.00227062   0.00227686   0.00227785   0.00227830   0.00227856
 0.085   0.00232895   0.00233114   0.00233683   0.00233774   0.00233815   0.00233838
 0.090   0.00238435   0.00238635   0.00239154   0.00239237   0.00239274   0.00239295
 0.095   0.00243489   0.00243671   0.00244145   0.00244220   0.00244254   0.00244274
 0.100   0.00248099   0.00248265   0.00248697   0.00248766   0.00248797   0.00248815
 0.105   0.00252304   0.00252456   0.00252850   0.00252912   0.00252941   0.00252957
 0.110   0.00256140   0.00256278   0.00256638   0.00256695   0.00256721   0.00256735
 0.115   0.00259639   0.00259765   0.00260093   0.00260145   0.00260169   0.00260182
 0.120   0.00262831   0.00262946   0.00263245   0.00263292   0.00263314   0.00263326
 0.125   0.00265742   0.00265847   0.00266120   0.00266163   0.00266183   0.00266194
 0.130   0.00268398   0.00268494   0.00268743   0.00268782   0.00268800   0.00268810
 0.135   0.00270821   0.00270908   0.00271135   0.00271171   0.00271188   0.00271197
 0.140   0.00273031   0.00273111   0.00273318   0.00273351   0.00273365   0.00273374
 0.145   0.00275047   0.00275119   0.00275308   0.00275338   0.00275352   0.00275360
 0.150   0.00276886   0.00276952   0.00277124   0.00277152   0.00277164   0.00277171
 0.155   0.00278563   0.00278624   0.00278781   0.00278806   0.00278817   0.00278823
 0.160   0.00280093   0.00280148   0.00280292   0.00280315   0.00280325   0.00280331
 0.165   0.00281489   0.00281539   0.00281670   0.00281691   0.00281700   0.00281706
 0.170   0.00282762   0.00282808   0.00282927   0.00282946   0.00282955   0.00282960
 0.175   0.00283924   0.00283966   0.00284074   0.00284092   0.00284099   0.00284104
 0.180   0.00284983   0.00285021   0.00285121   0.00285136   0.00285143   0.00285148
 0.185   0.00285949   0.00285984   0.00286075   0.00286089   0.00286096   0.00286099
 0.190   0.00286831   0.00286863   0.00286945   0.00286959   0.00286964   0.00286968
 0.195   0.00287635   0.00287664   0.00287739   0.00287751   0.00287757   0.00287760
 0.200   0.00288369   0.00288395   0.00288464   0.00288475   0.00288480   0.00288483
 0.205   0.00289038   0.00289062   0.00289125   0.00289135   0.00289139   0.00289142
 0.210   0.00289648   0.00289670   0.00289727   0.00289736   0.00289741   0.00289743
 0.215   0.00290205   0.00290225   0.00290277   0.00290286   0.00290289   0.00290291
 0.220   0.00290713   0.00290731   0.00290779   0.00290786   0.00290790   0.00290792
 0.225   0.00291176   0.00291193   0.00291236   0.00291243   0.00291246   0.00291248
 0.230   0.00291599   0.00291614   0.00291654   0.00291660   0.00291663   0.00291664
 0.235   0.00291984   0.00291998   0.00292034   0.00292040   0.00292043   0.00292044
 0.240   0.00292336   0.00292349   0.00292381   0.00292387   0.00292389   0.00292390
 0.245   0.00292657   0.00292668   0.00292698   0.00292703   0.00292705   0.00292706
 0.250   0.00292949   0.00292960   0.00292987   0.00292992   0.00292993   0.00292995
 0.255   0.00293216   0.00293226   0.00293251   0.00293255   0.00293256   0.00293258
 0.260   0.00293460   0.00293468   0.00293491   0.00293495   0.00293496   0.00293497
 0.265   0.00293682   0.00293690   0.00293710   0.00293714   0.00293715   0.00293716
 0.270   0.00293884   0.00293891   0.00293910   0.00293913   0.00293915   0.00293916
 0.275   0.00294069   0.00294076   0.00294093   0.00294096   0.00294097   0.00294098
 0.280   0.00294237   0.00294244   0.00294259   0.00294262   0.00294263   0.00294264
 0.285   0.00294391   0.00294397   0.00294411   0.00294413   0.00294414   0.00294415
 0.290   0.00294531   0.00294536   0.00294550   0.00294552   0.00294553   0.00294553
 0.295   0.00294659   0.00294664   0.00294676   0.00294678   0.00294679   0.00294679
 0.300   0.00294776   0.00294780   0.00294791   0.00294793   0.00294794   0.00294794
 0.305   0.00294882   0.00294886   0.00294896   0.00294898   0.00294898   0.00294899
 0.310   0.00294979   0.00294983   0.00294992   0.00294993   0.00294994   0.00294994
 0.315   0.00295068   0.00295071   0.00295079   0.00295081   0.00295081   0.00295082
 0.320   0.00295149   0.00295152   0.00295159   0.00295160   0.00295161   0.00295161
 0.325   0.00295222   0.00295225   0.00295232   0.00295233   0.00295233   0.00295234
 0.330   0.00295289   0.00295292   0.00295298   0.00295299   0.00295300   0.00295300
 0.335   0.00295351   0.00295353   0.00295359   0.00295359   0.00295360   0.00295360
 0.340   0.00295406   0.00295408   0.00295414   0.00295415   0.00295415   0.00295415
 0.345   0.00295457   0.00295459   0.00295464   0.00295465   0.00295465   0.00295465
 0.350   0.00295504   0.00295505   0.00295510   0.00295510   0.00295511   0.00295511
 0.355   0.00295546   0.00295548   0.00295552   0.00295552   0.00295552   0.00295553
 0.360   0.00295585   0.00295586   0.00295590   0.00295590   0.00295590   0.00295591
 0.365   0.00295620   0.00295621   0.00295624   0.00295625   0.00295625   0.00295625
 0.370   0.00295652   0.00295653   0.00295656   0.00295656   0.00295657   0.00295657
 0.375   0.00295681   0.00295682   0.00295685   0.00295685   0.00295685   0.00295685
 0.380   0.00295707   0.00295708   0.00295711   0.00295711   0.00295711   0.00295711
 0.385   0.00295731   0.00295732   0.00295735   0.00295735   0.00295735   0.00295735
 0.390   0.00295753   0.00295754   0.00295756   0.00295757   0.00295757   0.00295757
 0.395   0.00295773   0.00295774   0.00295776   0.00295776   0.00295777   0.00295777
 0.400   0.00295792   0.00295792   0.00295794   0.00295794   0.00295794   0.00295794
 0.405   0.00295808   0.00295809   0.00295810   0.00295811   0.00295811   0.00295811
 0.410   0.00295823   0.00295823   0.00295825   0.00295825   0.00295825   0.00295825
 0.415   0.00295836   0.00295837   0.00295838   0.00295839   0.00295839   0.00295839
 0.420   0.00295849   0.00295849   0.00295850   0.00295851   0.00295851   0.00295851
 0.425   0.00295860   0.00295860   0.00295861   0.00295862   0.00295862   0.00295862
 0.430   0.00295870   0.00295870   0.00295871   0.00295871   0.00295871   0.00295871
 0.435   0.00295879   0.00295879   0.00295880   0.00295880   0.00295880   0.00295880
 0.440   0.00295887   0.00295887   0.00295888   0.00295888   0.00295888   0.00295888
 0.445   0.00295894   0.00295894   0.00295895   0.00295895   0.00295895   0.00295895
 0.450   0.00295900   0.00295900   0.00295901   0.00295901   0.00295901   0.00295901
 0.455   0.00295906   0.00295906   0.00295907   0.00295907   0.00295907   0.00295907
 0.460   0.00295911   0.00295911   0.00295912   0.00295912   0.00295912   0.00295912
 0.465   0.00295915   0.00295915   0.00295916   0.00295916   0.00295916   0.00295916
 0.470   0.00295918   0.00295919   0.00295919   0.00295919   0.00295919   0.00295919
 0.475   0.00295921   0.00295922   0.00295922   0.00295922   0.00295922   0.00295922
 0.480   0.00295924   0.00295924   0.00295925   0.00295925   0.00295925   0.00295925
 0.485   0.00295926   0.00295926   0.00295926   0.00295926   0.00295927   0.00295927
 0.490   0.00295927   0.00295927   0.00295928   0.00295928   0.00295928   0.00295928
 0.495   0.00295928   0.00295928   0.00295928   0.00295929   0.00295929   0.00295929
 0.500   0.00295928   0.00295928   0.00295929   0.00295929   0.00295929   0.00295929
 0.505   0.00295928   0.00295928   0.00295928   0.00295929   0.00295929   0.00295929
 0.510   0.00295927   0.00295927   0.00295928   0.00295928   0.00295928   0.00295928
 0.515   0.00295926   0.00295926   0.00295926   0.00295926   0.00295927   0.00295927
 0.520   0.00295924   0.00295924   0.00295925   0.00295925   0.00295925   0.00295925
 0.525   0.00295921   0.00295922   0.00295922   0.00295922   0.00295922   0.00295922
 0.530   0.00295918   0.00295919   0.00295919   0.00295919   0.00295919   0.00295919
 0.535   0.00295915   0.00295915   0.00295916   0.00295916   0.00295916   0.00295916
 0.540   0.00295911   0.00295911   0.00295912   0.00295912   0.00295912   0.00295912
 0.545   0.00295906   0.00295906   0.00295907   0.00295907   0.00295907   0.00295907
 0.550   0.00295900   0.00295900   0.00295901   0.00295901   0.00295901   0.00295901
 0.555   0.00295894   0.00295894   0.00295895   0.00295895   0.00295895   0.00295895
 0.560   0.00295887   0.00295887   0.00295888   0.00295888   0.00295888   0.00295888
 0.565   0.00295879   0.00295879   0.00295880   0.00295880   0.00295880   0.00295880
 0.570   0.00295870   0.00295870   0.00295871   0.00295871   0.00295871   0.00295871
 0.575   0.00295860   0.00295860   0.00295861   0.00295862   0.00295862   0.00295862
 0.580   0.00295849   0.00295849   0.00295850   0.00295851   0.00295851   0.00295851
 0.585   0.00295836   0.00295837   0.00295838   0.00295839   0.00295839   0.00295839
 0.590   0.00295823   0.00295823   0.00295825   0.00295825   0.00295825   0.00295825
 0.595   0.00295808   0.00295809   0.00295810   0.00295811   0.00295811   0.00295811
 0.600   0.00295792   0.00295792   0.00295794   0.00295794   0.00295794   0.00295794
 0.605   0.00295773   0.00295774   0.00295776   0.00295776   0.00295777   0.00295777
 0.610   0.00295753   0.00295754   0.00295756   0.00295757   0.00295757   0.00295757
 0.615   0.00295731   0.00295732   0.00295735   0.00295735   0.00295735   0.00295735
 0.620   0.00295707   0.00295708   0.00295711   0.00295711   0.00295711   0.00295711
 0.625   0.00295681   0.00295682   0.00295685   0.00295685   0.00295685   0.00295685
 0.630   0.00295652   0.00295653   0.00295656   0.00295656   0.00295657   0.00295657
 0.635   0.00295620   0.00295621   0.00295624   0.00295625   0.00295625   0.00295625
 0.640   0.00295585   0.00295586   0.00295590   0.00295590   0.00295590   0.00295591
 0.645   0.00295546   0.00295548   0.00295552   0.00295552   0.00295552   0.00295553
 0.650   0.00295504   0.00295505   0.00295510   0.00295510   0.00295511   0.00295511
 0.655   0.00295457   0.00295459   0.00295464   0.00295465   0.00295465   0.00295465
 0.660   0.00295406   0.00295408   0.00295414   0.00295415   0.00295415   0.00295415
 0.665   0.00295351   0.00295353   0.00295359   0.00295359   0.00295360   0.00295360
 0.670   0.00295289   0.00295292   0.00295298   0.00295299   0.00295300   0.00295300
 0.675   0.00295222   0.00295225   0.00295232   0.00295233   0.00295233   0.00295234
 0.680   0.00295149   0.00295152   0.00295159   0.00295160   0.00295161   0.00295161
 0.685   0.00295068   0.00295071   0.00295079   0.00295081   0.00295081   0.00295082
 0.690   0.00294979   0.00294983   0.00294992   0.00294993   0.00294994   0.00294994
 0.695   0.00294882   0.00294886   0.00294896   0.00294898   0.00294898   0.00294899
 0.700   0.00294776   0.00294780   0.00294791   0.00294793   0.00294794   0.00294794
 0.705   0.00294659   0.00294664   0.00294676   0.00294678   0.00294679   0.00294679
 0.710   0.00294531   0.00294536   0.00294550   0.00294552   0.00294553   0.00294553
 0.715   0.00294391   0.00294397   0.00294411   0.00294413   0.00294414   0.00294415
 0.720   0.00294237   0.00294244   0.00294259   0.00294262   0.00294263   0.00294264
 0.725   0.00294069   0.00294076   0.00294093   0.00294096   0.00294097   0.00294098
 0.730   0.00293884   0.00293891   0.00293910   0.00293913   0.00293915   0.00293916
 0.735   0.00293682   0.00293690   0.00293710   0.00293714   0.00293715   0.00293716
 0.740   0.00293460   0.00293468   0.00293491   0.00293495   0.00293496   0.00293497
 0.745   0.00293216   0.00293226   0.00293251   0.00293255   0.00293256   0.00293258
 0.750   0.00292949   0.00292960   0.00292987   0.00292992   0.00292993   0.00292995
 0.755   0.00292657   0.00292668   0.00292698   0.00292703   0.00292705   0.00292706
 0.760   0.00292336   0.00292349   0.00292381   0.00292387   0.00292389   0.00292390
 0.765   0.00291984   0.00291998   0.00292034   0.00292040   0.00292043   0.00292044
 0.770   0.00291599   0.00291614   0.00291654   0.00291660   0.00291663   0.00291664
 0.775   0.00291176   0.00291193   0.00291236   0.00291243   0.00291246   0.00291248
 0.780   0.00290713   0.00290731   0.00290779   0.00290786   0.00290790   0.00290792
 0.785   0.00290205   0.00290225   0.00290277   0.00290286   0.00290289   0.00290291
 0.790   0.00289648   0.00289670   0.00289727   0.00289736   0.00289741   0.00289743
 0.795   0.00289038   0.00289062   0.00289125   0.00289135   0.00289139   0.00289142
 0.800   0.00288369   0.00288395   0.00288464   0.00288475   0.00288480   0.00288483
 0.805   0.00287635   0.00287664   0.00287739   0.00287751   0.00287757   0.00287760
 0.810   0.00286831   0.00286863   0.00286945   0.00286959   0.00286964   0.00286968
 0.815   0.00285949   0.00285984   0.00286075   0.00286089   0.00286096   0.00286099
 0.820   0.00284983   0.00285021   0.00285121   0.00285136   0.00285143   0.00285148
 0.825   0.00283924   0.00283966   0.00284074   0.00284092   0.00284099   0.00284104
 0.830   0.00282762   0.00282808   0.00282927   0.00282946   0.00282955   0.00282960
 0.835   0.00281489   0.00281539   0.00281670   0.00281691   0.00281700   0.00281706
 0.840   0.00280093   0.00280148   0.00280292   0.00280315   0.00280325   0.00280331
 0.845   0.00278563   0.00278624   0.00278781   0.00278806   0.00278817   0.00278823
 0.850   0.00276886   0.00276952   0.00277124   0.00277152   0.00277164   0.00277171
 0.855   0.00275047   0.00275119   0.00275308   0.00275338   0.00275352   0.00275360
 0.860   0.00273031   0.00273111   0.00273318   0.00273351   0.00273365   0.00273374
 0.865   0.00270821   0.00270908   0.00271135   0.00271171   0.00271188   0.00271197
 0.870   0.00268398   0.00268494   0.00268743   0.00268782   0.00268800   0.00268810
 0.875   0.00265742   0.00265847   0.00266120   0.00266163   0.00266183   0.00266194
 0.880   0.00262831   0.00262946   0.00263245   0.00263292   0.00263314   0.00263326
 0.885   0.00259639   0.00259765   0.00260093   0.00260145   0.00260169   0.00260182
 0.890   0.00256140   0.00256278   0.00256638   0.00256695   0.00256721   0.00256735
 0.895   0.00252304   0.00252456   0.00252850   0.00252912   0.00252941   0.00252957
 0.900   0.00248099   0.00248265   0.00248697   0.00248766   0.00248797   0.00248815
 0.905   0.00243489   0.00243671   0.00244145   0.00244220   0.00244254   0.00244274
 0.910   0.00238435   0.00238635   0.00239154   0.00239237   0.00239274   0.00239295
 0.915   0.00232895   0.00233114   0.00233683   0.00233774   0.00233815   0.00233838
 0.920   0.00226822   0.00227062   0.00227686   0.00227785   0.00227830   0.00227856
 0.925   0.00220164   0.00220427   0.00221111   0.00221220   0.00221269   0.00221297
 0.930   0.00212865   0.00213154   0.00213903   0.00214023   0.00214076   0.00214107
 0.935   0.00204864   0.00205180   0.00206002   0.00206133   0.00206191   0.00206225
 0.940   0.00196092   0.00196439   0.00197340   0.00197483   0.00197548   0.00197585
 0.945   0.00186476   0.00186856   0.00187844   0.00188001   0.00188072   0.00188112
 0.950   0.00175934   0.00176351   0.00177434   0.00177606   0.00177684   0.00177728
 0.955   0.00164378   0.00164835   0.00166022   0.00166211   0.00166296   0.00166345
 0.960   0.00151709   0.00152210   0.00153511   0.00153718   0.00153811   0.00153865
 0.965   0.00137821   0.00138370   0.00139796   0.00140023   0.00140126   0.00140184
 0.970   0.00122596   0.00123198   0.00124761   0.00125010   0.00125122   0.00125187
 0.975   0.00105905   0.00106565   0.00108279   0.00108552   0.00108675   0.00108746
 0.980   0.00087608   0.00088331   0.00090210   0.00090510   0.00090644   0.00090722
 0.985   0.00067549   0.00068343   0.00070402   0.00070730   0.00070878   0.00070963
 0.990   0.00045560   0.00046429   0.00048687   0.00049047   0.00049209   0.00049302
 0.995   0.00021454   0.00022407   0.00024882   0.00025277   0.00025454   0.00025556
 1.000  -0.00004973  -0.00003928  -0.00001214  -0.00000782  -0.00000588  -0.00000476
