     x            5           10           50          100          500         1000
 0.000  -0.00350989  -0.00176069  -0.00030028  -0.00013422  -0.00001750  -0.00000672
 0.005  -0.00182594  -0.00044970   0.00030742   0.00029120   0.00016501   0.00011865
 0.010  -0.00016731   0.00083613   0.00089062   0.00069259   0.00032527   0.00022298
 0.015   0.00146630   0.00209725   0.00145033   0.00107132   0.00046601   0.00030978
 0.020   0.00307515   0.00333407   0.00198749   0.00142866   0.00058958   0.00038201
 0.025   0.00465952   0.00454702   0.00250300   0.00176583   0.00069810   0.00044212
 0.030   0.00621968   0.00573651   0.00299773   0.00208395   0.00079339   0.00049213
 0.035   0.00775589   0.00690293   0.00347253   0.00238411   0.00087707   0.00053374
 0.040   0.00926841   0.00804668   0.00392819   0.00266732   0.00095055   0.00056837
 0.045   0.01075749   0.00916815   0.00436548   0.00293454   0.00101507   0.00059718
 0.050   0.01222339   0.01026772   0.00478515   0.00318667   0.00107173   0.00062116
 0.055   0.01366636   0.01134576   0.00518789   0.00342455   0.00112148   0.00064111
 0.060   0.01508663   0.01240263   0.00557440   0.00364901   0.00116517   0.00065771
 0.065   0.01648446   0.01343869   0.00594532   0.00386079   0.00120354   0.00067152
 0.070   0.01786006   0.01445429   0.00630129   0.00406061   0.00123722   0.00068301
 0.075   0.01921369   0.01544977   0.00664289   0.00424914   0.00126681   0.00069258
 0.080   0.02054555   0.01642547   0.00697072   0.00442703   0.00129278   0.00070053
 0.085   0.02185589   0.01738172   0.00728531   0.00459488   0.00131560   0.00070716
 0.090   0.02314492   0.01831884   0.00758722   0.00475324   0.00133563   0.00071267
 0.095   0.02441286   0.01923715   0.00787693   0.00490266   0.00135322   0.00071725
 0.100   0.02565993   0.02013696   0.00815496   0.00504364   0.00136866   0.00072107
 0.105   0.02688633   0.02101857   0.00842175   0.00517666   0.00138223   0.00072424
 0.110   0.02809226   0.02188228   0.00867777   0.00530216   0.00139414   0.00072688
 0.115   0.02927795   0.02272839   0.00892345   0.00542058   0.00140459   0.00072908
 0.120   0.03044358   0.02355717   0.00915920   0.00553231   0.00141378   0.00073091
 0.125   0.03158935   0.02436891   0.00938543   0.00563773   0.00142184   0.00073243
 0.130   0.03271546   0.02516388   0.00960250   0.00573719   0.00142892   0.00073370
 0.135   0.03382210   0.02594236   0.00981080   0.00583104   0.00143514   0.00073475
 0.140   0.03490944   0.02670460   0.01001066   0.00591958   0.00144060   0.00073563
 0.145   0.03597769   0.02745086   0.01020244   0.00600312   0.00144540   0.00073636
 0.150   0.03702701   0.02818139   0.01038645   0.00608194   0.00144961   0.00073696
 0.155   0.03805759   0.02889645   0.01056300   0.00615631   0.00145331   0.00073747
 0.160   0.03906959   0.02959626   0.01073240   0.00622648   0.00145655   0.00073789
 0.165   0.04006320   0.03028108   0.01089492   0.00629268   0.00145940   0.00073824
 0.170   0.04103857   0.03095113   0.01105085   0.00635514   0.00146191   0.00073853
 0.175   0.04199587   0.03160663   0.01120045   0.00641407   0.00146411   0.00073877
 0.180   0.04293527   0.03224781   0.01134396   0.00646966   0.00146604   0.00073897
 0.185   0.04385692   0.03287488   0.01148164   0.00652212   0.00146773   0.00073914
 0.190   0.04476098   0.03348806   0.01161371   0.00657161   0.00146922   0.00073928
 0.195   0.04564760   0.03408756   0.01174040   0.00661830   0.00147053   0.00073940
 0.200   0.04651693   0.03467357   0.01186192   0.00666235   0.00147168   0.00073949
 0.205   0.04736912   0.03524630   0.01197848   0.00670391   0.00147268   0.00073958
 0.210   0.04820431   0.03580593   0.01209027   0.00674312   0.00147357   0.00073964
 0.215   0.04902264   0.03635266   0.01219748   0.00678010   0.00147435   0.00073970
 0.220   0.04982426   0.03688667   0.01230030   0.00681500   0.00147503   0.00073974
 0.225   0.05060929   0.03740814   0.01239890   0.00684792   0.00147563   0.00073978
 0.230   0.05137787   0.03791725   0.01249344   0.00687897   0.00147615   0.00073981
 0.235   0.05213012   0.03841417   0.01258408   0.00690826   0.00147662   0.00073984
 0.240   0.05286619   0.03889907   0.01267099   0.00693589   0.00147702   0.00073986
 0.245   0.05358618   0.03937211   0.01275429   0.00696196   0.00147738   0.00073988
 0.250   0.05429023   0.03983345   0.01283414   0.00698654   0.00147769   0.00073990
 0.255   0.05497844   0.04028325   0.01291067   0.00700973   0.00147797   0.00073991
 0.260   0.05565095   0.04072166   0.01298401   0.00703160   0.00147821   0.00073992
 0.265   0.05630785   0.04114883   0.01305428   0.00705223   0.00147842   0.00073993
 0.270   0.05694927   0.04156489   0.01312160   0.00707168   0.00147861   0.00073994
 0.275   0.05757530   0.04197000   0.01318609   0.00709003   0.00147877   0.00073994
 0.280   0.05818606   0.04236429   0.01324786   0.00710732   0.00147891   0.00073995
 0.285   0.05878165   0.04274789   0.01330700   0.00712363   0.00147904   0.00073995
 0.290   0.05936217   0.04312094   0.01336362   0.00713901   0.00147915   0.00073996
 0.295   0.05992772   0.04348355   0.01341781   0.00715350   0.00147925   0.00073996
 0.300   0.06047839   0.04383585   0.01346967   0.00716716   0.00147933   0.00073996
 0.305   0.06101428   0.04417797   0.01351928   0.00718004   0.00147941   0.00073996
 0.310   0.06153547   0.04451000   0.01356673   0.00719217   0.00147947   0.00073996
 0.315   0.06204206   0.04483208   0.01361210   0.00720361   0.00147953   0.00073997
 0.320   0.06253413   0.04514430   0.01365546   0.00721438   0.00147958   0.00073997
 0.325   0.06301176   0.04544677   0.01369689   0.00722452   0.00147963   0.00073997
 0.330   0.06347503   0.04573960   0.01373646   0.00723407   0.00147966   0.00073997
 0.335   0.06392403   0.04602288   0.01377423   0.00724306   0.00147970   0.00073997
 0.340   0.06435883   0.04629671   0.01381026   0.00725152   0.00147973   0.00073997
 0.345   0.06477949   0.04656118   0.01384463   0.00725949   0.00147976   0.00073997
 0.350   0.06518610   0.04681638   0.01387738   0.00726697   0.00147978   0.00073997
 0.355   0.06557872   0.04706239   0.01390858   0.00727401   0.00147980   0.00073997
 0.360   0.06595742   0.04729931   0.01393827   0.00728063   0.00147982   0.00073997
 0.365   0.06632226   0.04752721   0.01396650   0.00728684   0.00147983   0.00073997
 0.370   0.06667331   0.04774616   0.01399333   0.00729267   0.00147985   0.00073997
 0.375   0.06701062   0.04795624   0.01401880   0.00729813   0.00147986   0.00073997
 0.380   0.06733424   0.04815753   0.01404294   0.00730326   0.00147987   0.00073997
 0.385   0.06764424   0.04835008   0.01406581   0.00730806   0.00147988   0.00073997
 0.390   0.06794067   0.04853397   0.01408744   0.00731255   0.00147989   0.00073997
 0.395   0.06822357   0.04870926   0.01410787   0.00731674   0.00147989   0.00073997
 0.400   0.06849300   0.04887600   0.01412713   0.00732065   0.00147990   0.00073997
 0.405   0.06874900   0.04903426   0.01414525   0.00732430   0.00147991   0.00073997
 0.410   0.06899161   0.04918408   0.01416227   0.00732769   0.00147991   0.00073997
 0.415   0.06922088   0.04932552   0.01417821   0.00733084   0.00147992   0.00073997
 0.420   0.06943684   0.04945862   0.01419310   0.00733375   0.00147992   0.00073997
 0.425   0.06963952   0.04958343   0.01420696   0.00733644   0.00147992   0.00073997
 0.430   0.06982897   0.04970000   0.01421983   0.00733892   0.00147993   0.00073997
 0.435   0.07000522   0.04980835   0.01423171   0.00734120   0.00147993   0.00073997
 0.440   0.07016830   0.04990853   0.01424264   0.00734327   0.00147993   0.00073997
 0.445   0.07031822   0.05000058   0.01425263   0.00734515   0.00147993   0.00073997
 0.450   0.07045503   0.05008451   0.01426169   0.00734685   0.00147993   0.00073997
 0.455   0.07057873   0.05016037   0.01426984   0.00734837   0.00147993   0.00073997
 0.460   0.07068936   0.05022817   0.01427710   0.00734972   0.00147994   0.00073997
 0.465   0.07078693   0.05028795   0.01428348   0.00735090   0.00147994   0.00073997
 0.470   0.07087145   0.05033971   0.01428898   0.00735191   0.00147994   0.00073997
 0.475   0.07094295   0.05038348   0.01429362   0.00735277   0.00147994   0.00073997
 0.480   0.07100143   0.05041927   0.01429741   0.00735346   0.00147994   0.00073997
 0.485   0.07104691   0.05044709   0.01430035   0.00735399   0.00147994   0.00073997
 0.490   0.07107939   0.05046696   0.01430244   0.00735438   0.00147994   0.00073997
 0.495   0.07109887   0.05047888   0.01430370   0.00735461   0.00147994   0.00073997
 0.500   0.07110537   0.05048285   0.01430412   0.00735468   0.00147994   0.00073997
 0.505   0.07109887   0.05047888   0.01430370   0.00735461   0.00147994   0.00073997
 0.510   0.07107939   0.05046696   0.01430244   0.00735438   0.00147994   0.00073997
 0.515   0.07104691   0.05044709   0.01430035   0.00735399   0.00147994   0.00073997
 0.520   0.07100143   0.05041927   0.01429741   0.00735346   0.00147994   0.00073997
 0.525   0.07094295   0.05038348   0.01429362   0.00735277   0.00147994   0.00073997
 0.530   0.07087145   0.05033971   0.01428898   0.00735191   0.00147994   0.00073997
 0.535   0.07078693   0.05028795   0.01428348   0.00735090   0.00147994   0.00073997
 0.540   0.07068936   0.05022817   0.01427710   0.00734972   0.00147994   0.00073997
 0.545   0.07057873   0.05016037   0.01426984   0.00734837   0.00147993   0.00073997
 0.550   0.07045503   0.05008451   0.01426169   0.00734685   0.00147993   0.00073997
 0.555   0.07031822   0.05000058   0.01425263   0.00734515   0.00147993   0.00073997
 0.560   0.07016830   0.04990853   0.01424264   0.00734327   0.00147993   0.00073997
 0.565   0.07000522   0.04980835   0.01423171   0.00734120   0.00147993   0.00073997
 0.570   0.06982897   0.04970000   0.01421983   0.00733892   0.00147993   0.00073997
 0.575   0.06963952   0.04958343   0.01420696   0.00733644   0.00147992   0.00073997
 0.580   0.06943684   0.04945862   0.01419310   0.00733375   0.00147992   0.00073997
 0.585   0.06922088   0.04932552   0.01417821   0.00733084   0.00147992   0.00073997
 0.590   0.06899161   0.04918408   0.01416227   0.00732769   0.00147991   0.00073997
 0.595   0.06874900   0.04903426   0.01414525   0.00732430   0.00147991   0.00073997
 0.600   0.06849300   0.04887600   0.01412713   0.00732065   0.00147990   0.00073997
 0.605   0.06822357   0.04870926   0.01410787   0.00731674   0.00147989   0.00073997
 0.610   0.06794067   0.04853397   0.01408744   0.00731255   0.00147989   0.00073997
 0.615   0.06764424   0.04835008   0.01406581   0.00730806   0.00147988   0.00073997
 0.620   0.06733424   0.04815753   0.01404294   0.00730326   0.00147987   0.00073997
 0.625   0.06701062   0.04795624   0.01401880   0.00729813   0.00147986   0.00073997
 0.630   0.06667331   0.04774616   0.01399333   0.00729267   0.00147985   0.00073997
 0.635   0.06632226   0.04752721   0.01396650   0.00728684   0.00147983   0.00073997
 0.640   0.06595742   0.04729931   0.01393827   0.00728063   0.00147982   0.00073997
 0.645   0.06557872   0.04706239   0.01390858   0.00727401   0.00147980   0.00073997
 0.650   0.06518610   0.04681638   0.01387738   0.00726697   0.00147978   0.00073997
 0.655   0.06477949   0.04656118   0.01384463   0.00725949   0.00147976   0.00073997
 0.660   0.06435883   0.04629671   0.01381026   0.00725152   0.00147973   0.00073997
 0.665   0.06392403   0.04602288   0.01377423   0.00724306   0.00147970   0.00073997
 0.670   0.06347503   0.04573960   0.01373646   0.00723407   0.00147966   0.00073997
 0.675   0.06301176   0.04544677   0.01369689   0.00722452   0.00147963   0.00073997
 0.680   0.06253413   0.04514430   0.01365546   0.00721438   0.00147958   0.00073997
 0.685   0.06204206   0.04483208   0.01361210   0.00720361   0.00147953   0.00073997
 0.690   0.06153547   0.04451000   0.01356673   0.00719217   0.00147947   0.00073996
 0.695   0.06101428   0.04417797   0.01351928   0.00718004   0.00147941   0.00073996
 0.700   0.06047839   0.04383585   0.01346967   0.00716716   0.00147933   0.00073996
 0.705   0.05992772   0.04348355   0.01341781   0.00715350   0.00147925   0.00073996
 0.710   0.05936217   0.04312094   0.01336362   0.00713901   0.00147915   0.00073996
 0.715   0.05878165   0.04274789   0.01330700   0.00712363   0.00147904   0.00073995
 0.720   0.05818606   0.04236429   0.01324786   0.00710732   0.00147891   0.00073995
 0.725   0.05757530   0.04197000   0.01318609   0.00709003   0.00147877   0.00073994
 0.730   0.05694927   0.04156489   0.01312160   0.00707168   0.00147861   0.00073994
 0.735   0.05630785   0.04114883   0.01305428   0.00705223   0.00147842   0.00073993
 0.740   0.05565095   0.04072166   0.01298401   0.00703160   0.00147821   0.00073992
 0.745   0.05497844   0.04028325   0.01291067   0.00700973   0.00147797   0.00073991
 0.750   0.05429023   0.03983345   0.01283414   0.00698654   0.00147769   0.00073990
 0.755   0.05358618   0.03937211   0.01275429   0.00696196   0.00147738   0.00073988
 0.760   0.05286619   0.03889907   0.01267099   0.00693589   0.00147702   0.00073986
 0.765   0.05213012   0.03841417   0.01258408   0.00690826   0.00147662   0.00073984
 0.770   0.05137787   0.03791725   0.01249344   0.00687897   0.00147615   0.00073981
 0.775   0.05060929   0.03740814   0.01239890   0.00684792   0.00147563   0.00073978
 0.780   0.04982426   0.03688667   0.01230030   0.00681500   0.00147503   0.00073974
 0.785   0.04902264   0.03635266   0.01219748   0.00678010   0.00147435   0.00073970
 0.790   0.04820431   0.03580593   0.01209027   0.00674312   0.00147357   0.00073964
 0.795   0.04736912   0.03524630   0.01197848   0.00670391   0.00147268   0.00073958
 0.800   0.04651693   0.03467357   0.01186192   0.00666235   0.00147168   0.00073949
 0.805   0.04564760   0.03408756   0.01174040   0.00661830   0.00147053   0.00073940
 0.810   0.04476098   0.03348806   0.01161371   0.00657161   0.00146922   0.00073928
 0.815   0.04385692   0.03287488   0.01148164   0.00652212   0.00146773   0.00073914
 0.820   0.04293527   0.03224781   0.01134396   0.00646966   0.00146604   0.00073897
 0.825   0.04199587   0.03160663   0.01120045   0.00641407   0.00146411   0.00073877
 0.830   0.04103857   0.03095113   0.01105085   0.00635514   0.00146191   0.00073853
 0.835   0.04006320   0.03028108   0.01089492   0.00629268   0.00145940   0.00073824
 0.840   0.03906959   0.02959626   0.01073240   0.00622648   0.00145655   0.00073789
 0.845   0.03805759   0.02889645   0.01056300   0.00615631   0.00145331   0.00073747
 0.850   0.03702701   0.02818139   0.01038645   0.00608194   0.00144961   0.00073696
 0.855   0.03597769   0.02745086   0.01020244   0.00600312   0.00144540   0.00073636
 0.860   0.03490944   0.02670460   0.01001066   0.00591958   0.00144060   0.00073563
 0.865   0.03382210   0.02594236   0.00981080   0.00583104   0.00143514   0.00073475
 0.870   0.03271546   0.02516388   0.00960250   0.00573719   0.00142892   0.00073370
 0.875   0.03158935   0.02436891   0.00938543   0.00563773   0.00142184   0.00073243
 0.880   0.03044358   0.02355717   0.00915920   0.00553231   0.00141378   0.00073091
 0.885   0.02927795   0.02272839   0.00892345   0.00542058   0.00140459   0.00072908
 0.890   0.02809226   0.02188228   0.00867777   0.00530216   0.00139414   0.00072688
 0.895   0.02688633   0.02101857   0.00842175   0.00517666   0.00138223   0.00072424
 0.900   0.02565993   0.02013696   0.00815496   0.00504364   0.00136866   0.00072107
 0.905   0.02441286   0.01923715   0.00787693   0.00490266   0.00135322   0.00071725
 0.910   0.02314492   0.01831884   0.00758722   0.00475324   0.00133563   0.00071267
 0.915   0.02185589   0.01738172   0.00728531   0.00459488   0.00131560   0.00070716
 0.920   0.02054555   0.01642547   0.00697072   0.00442703   0.00129278   0.00070053
 0.925   0.01921369   0.01544977   0.00664289   0.00424914   0.00126681   0.00069258
 0.930   0.01786006   0.01445429   0.00630129   0.00406061   0.00123722   0.00068301
 0.935   0.01648446   0.01343869   0.00594532   0.00386079   0.00120354   0.00067152
 0.940   0.01508663   0.01240263   0.00557440   0.00364901   0.00116517   0.00065771
 0.945   0.01366636   0.01134576   0.00518789   0.00342455   0.00112148   0.00064111
 0.950   0.01222339   0.01026772   0.00478515   0.00318667   0.00107173   0.00062116
 0.955   0.01075749   0.00916815   0.00436548   0.00293454   0.00101507   0.00059718
 0.960   0.00926841   0.00804668   0.00392819   0.00266732   0.00095055   0.00056837
 0.965   0.00775589   0.00690293   0.00347253   0.00238411   0.00087707   0.00053374
 0.970   0.00621968   0.00573651   0.00299773   0.00208395   0.00079339   0.00049213
 0.975   0.00465952   0.00454702   0.00250300   0.00176583   0.00069810   0.00044212
 0.980   0.00307515   0.00333407   0.00198749   0.00142866   0.00058958   0.00038201
 0.985   0.00146630   0.00209725   0.00145033   0.00107132   0.00046601   0.00030978
 0.990  -0.00016731   0.00083613   0.00089062   0.00069259   0.00032527   0.00022298
 0.995  -0.00182594  -0.00044970   0.00030742   0.00029120   0.00016501   0.00011865
 1.000  -0.00350989  -0.00176069  -0.00030028  -0.00013422  -0.00001750  -0.00000672
