     x          0.5            1           10           25           40           60
 0.000   0.00000000   0.00000000   0.00000000   0.00000000   0.00000000   0.00000000
 0.005   0.00043493   0.00030405   0.00008848   0.00005224   0.00003935   0.00003053
 0.010   0.00084621   0.00058499   0.00015739   0.00008743   0.00006321   0.00004708
 0.015   0.00123514   0.00084457   0.00021105   0.00011112   0.00007769   0.00005605
 0.020   0.00160291   0.00108443   0.00025285   0.00012708   0.00008647   0.00006091
 0.025   0.00195069   0.00130605   0.00028540   0.00013783   0.00009179   0.00006355
 0.030   0.00227957   0.00151082   0.00031075   0.00014507   0.00009502   0.00006498
 0.035   0.00259056   0.00170003   0.00033049   0.00014994   0.00009698   0.00006575
 0.040   0.00288464   0.00187486   0.00034587   0.00015323   0.00009817   0.00006617
 0.045   0.00316273   0.00203639   0.00035784   0.00015544   0.00009889   0.00006640
 0.050   0.00342570   0.00218565   0.00036717   0.00015693   0.00009933   0.00006652
 0.055   0.00367438   0.00232357   0.00037443   0.00015793   0.00009959   0.00006659
 0.060   0.00390953   0.00245100   0.00038009   0.00015861   0.00009975   0.00006662
 0.065   0.00413189   0.00256874   0.00038449   0.00015906   0.00009985   0.00006664
 0.070   0.00434217   0.00267753   0.00038792   0.00015937   0.00009991   0.00006665
 0.075   0.00454101   0.00277806   0.00039059   0.00015957   0.00009994   0.00006666
 0.080   0.00472904   0.00287094   0.00039267   0.00015971   0.00009997   0.00006666
 0.085   0.00490684   0.00295676   0.00039429   0.00015981   0.00009998   0.00006666
 0.090   0.00507498   0.00303606   0.00039556   0.00015987   0.00009999   0.00006667
 0.095   0.00523397   0.00310933   0.00039654   0.00015991   0.00009999   0.00006667
 0.100   0.00538432   0.00317703   0.00039730   0.00015994   0.00010000   0.00006667
 0.105   0.00552649   0.00323959   0.00039790   0.00015996   0.00010000   0.00006667
 0.110   0.00566093   0.00329739   0.00039837   0.00015997   0.00010000   0.00006667
 0.115   0.00578806   0.00335080   0.00039873   0.00015998   0.00010000   0.00006667
 0.120   0.00590827   0.00340014   0.00039901   0.00015999   0.00010000   0.00006667
 0.125   0.00602195   0.00344574   0.00039923   0.00015999   0.00010000   0.00006667
 0.130   0.00612944   0.00348787   0.00039940   0.00015999   0.00010000   0.00006667
 0.135   0.00623108   0.00352680   0.00039953   0.00016000   0.00010000   0.00006667
 0.140   0.00632720   0.00356277   0.00039964   0.00016000   0.00010000   0.00006667
 0.145   0.00641809   0.00359600   0.00039972   0.00016000   0.00010000   0.00006667
 0.150   0.00650403   0.00362671   0.00039978   0.00016000   0.00010000   0.00006667
 0.155   0.00658529   0.00365508   0.00039983   0.00016000   0.00010000   0.00006667
 0.160   0.00666214   0.00368130   0.00039987   0.00016000   0.00010000   0.00006667
 0.165   0.00673480   0.00370552   0.00039990   0.00016000   0.00010000   0.00006667
 0.170   0.00680351   0.00372791   0.00039992   0.00016000   0.00010000   0.00006667
 0.175   0.00686848   0.00374859   0.00039994   0.00016000   0.00010000   0.00006667
 0.180   0.00692991   0.00376770   0.00039995   0.00016000   0.00010000   0.00006667
 0.185   0.00698799   0.00378535   0.00039996   0.00016000   0.00010000   0.00006667
 0.190   0.00704291   0.00380167   0.00039997   0.00016000   0.00010000   0.00006667
 0.195   0.00709484   0.00381674   0.00039998   0.00016000   0.00010000   0.00006667
 0.200   0.00714394   0.00383067   0.00039998   0.00016000   0.00010000   0.00006667
 0.205   0.00719037   0.00384354   0.00039999   0.00016000   0.00010000   0.00006667
 0.210   0.00723426   0.00385543   0.00039999   0.00016000   0.00010000   0.00006667
 0.215   0.00727577   0.00386642   0.00039999   0.00016000   0.00010000   0.00006667
 0.220   0.00731500   0.00387657   0.00039999   0.00016000   0.00010000   0.00006667
 0.225   0.00735210   0.00388595   0.00039999   0.00016000   0.00010000   0.00006667
 0.230   0.00738717   0.00389461   0.00040000   0.00016000   0.00010000   0.00006667
 0.235   0.00742032   0.00390262   0.00040000   0.00016000   0.00010000   0.00006667
 0.240   0.00745167   0.00391002   0.00040000   0.00016000   0.00010000   0.00006667
 0.245   0.00748130   0.00391686   0.00040000   0.00016000   0.00010000   0.00006667
 0.250   0.00750930   0.00392317   0.00040000   0.00016000   0.00010000   0.00006667
 0.255   0.00753578   0.00392901   0.00040000   0.00016000   0.00010000   0.00006667
 0.260   0.00756080   0.00393440   0.00040000   0.00016000   0.00010000   0.00006667
 0.265   0.00758445   0.00393938   0.00040000   0.00016000   0.00010000   0.00006667
 0.270   0.00760680   0.00394398   0.00040000   0.00016000   0.00010000   0.00006667
 0.275   0.00762792   0.00394823   0.00040000   0.00016000   0.00010000   0.00006667
 0.280   0.00764788   0.00395216   0.00040000   0.00016000   0.00010000   0.00006667
 0.285   0.00766674   0.00395579   0.00040000   0.00016000   0.00010000   0.00006667
 0.290   0.00768456   0.00395914   0.00040000   0.00016000   0.00010000   0.00006667
 0.295   0.00770139   0.00396224   0.00040000   0.00016000   0.00010000   0.00006667
 0.300   0.00771729   0.00396510   0.00040000   0.00016000   0.00010000   0.00006667
 0.305   0.00773230   0.00396775   0.00040000   0.00016000   0.00010000   0.00006667
 0.310   0.00774648   0.00397019   0.00040000   0.00016000   0.00010000   0.00006667
 0.315   0.00775986   0.00397244   0.00040000   0.00016000   0.00010000   0.00006667
 0.320   0.00777249   0.00397452   0.00040000   0.00016000   0.00010000   0.00006667
 0.325   0.00778442   0.00397645   0.00040000   0.00016000   0.00010000   0.00006667
 0.330   0.00779566   0.00397822   0.00040000   0.00016000   0.00010000   0.00006667
 0.335   0.00780627   0.00397986   0.00040000   0.00016000   0.00010000   0.00006667
 0.340   0.00781628   0.00398137   0.00040000   0.00016000   0.00010000   0.00006667
 0.345   0.00782571   0.00398277   0.00040000   0.00016000   0.00010000   0.00006667
 0.350   0.00783459   0.00398406   0.00040000   0.00016000   0.00010000   0.00006667
 0.355   0.00784296   0.00398525   0.00040000   0.00016000   0.00010000   0.00006667
 0.360   0.00785084   0.00398635   0.00040000   0.00016000   0.00010000   0.00006667
 0.365   0.00785825   0.00398736   0.00040000   0.00016000   0.00010000   0.00006667
 0.370   0.00786522   0.00398829   0.00040000   0.00016000   0.00010000   0.00006667
 0.375   0.00787176   0.00398915   0.00040000   0.00016000   0.00010000   0.00006667
 0.380   0.00787791   0.00398995   0.00040000   0.00016000   0.00010000   0.00006667
 0.385   0.00788367   0.00399068   0.00040000   0.00016000   0.00010000   0.00006667
 0.390   0.00788907   0.00399135   0.00040000   0.00016000   0.00010000   0.00006667
 0.395   0.00789413   0.00399196   0.00040000   0.00016000   0.00010000   0.00006667
 0.400   0.00789885   0.00399253   0.00040000   0.00016000   0.00010000   0.00006667
 0.405   0.00790326   0.00399305   0.00040000   0.00016000   0.00010000   0.00006667
 0.410   0.00790736   0.00399353   0.00040000   0.00016000   0.00010000   0.00006667
 0.415   0.00791118   0.00399396   0.00040000   0.00016000   0.00010000   0.00006667
 0.420   0.00791471   0.00399436   0.00040000   0.00016000   0.00010000   0.00006667
 0.425   0.00791798   0.00399472   0.00040000   0.00016000   0.00010000   0.00006667
 0.430   0.00792100   0.00399505   0.00040000   0.00016000   0.00010000   0.00006667
 0.435   0.00792377   0.00399535   0.00040000   0.00016000   0.00010000   0.00006667
 0.440   0.00792630   0.00399562   0.00040000   0.00016000   0.00010000   0.00006667
 0.445   0.00792859   0.00399586   0.00040000   0.00016000   0.00010000   0.00006667
 0.450   0.00793067   0.00399608   0.00040000   0.00016000   0.00010000   0.00006667
 0.455   0.00793253   0.00399627   0.00040000   0.00016000   0.00010000   0.00006667
 0.460   0.00793418   0.00399644   0.00040000   0.00016000   0.00010000   0.00006667
 0.465   0.00793562   0.00399659   0.00040000   0.00016000   0.00010000   0.00006667
 0.470   0.00793686   0.00399671   0.00040000   0.00016000   0.00010000   0.00006667
 0.475   0.00793790   0.00399682   0.00040000   0.00016000   0.00010000   0.00006667
 0.480   0.00793875   0.00399690   0.00040000   0.00016000   0.00010000   0.00006667
 0.485   0.00793941   0.00399697   0.00040000   0.00016000   0.00010000   0.00006667
 0.490   0.00793988   0.00399701   0.00040000   0.00016000   0.00010000   0.00006667
 0.495   0.00794016   0.00399704   0.00040000   0.00016000   0.00010000   0.00006667
 0.500   0.00794025   0.00399705   0.00040000   0.00016000   0.00010000   0.00006667
 0.505   0.00794016   0.00399704   0.00040000   0.00016000   0.00010000   0.00006667
 0.510   0.00793988   0.00399701   0.00040000   0.00016000   0.00010000   0.00006667
 0.515   0.00793941   0.00399697   0.00040000   0.00016000   0.00010000   0.00006667
 0.520   0.00793875   0.00399690   0.00040000   0.00016000   0.00010000   0.00006667
 0.525   0.00793790   0.00399682   0.00040000   0.00016000   0.00010000   0.00006667
 0.530   0.00793686   0.00399671   0.00040000   0.00016000   0.00010000   0.00006667
 0.535   0.00793562   0.00399659   0.00040000   0.00016000   0.00010000   0.00006667
 0.540   0.00793418   0.00399644   0.00040000   0.00016000   0.00010000   0.00006667
 0.545   0.00793253   0.00399627   0.00040000   0.00016000   0.00010000   0.00006667
 0.550   0.00793067   0.00399608   0.00040000   0.00016000   0.00010000   0.00006667
 0.555   0.00792859   0.00399586   0.00040000   0.00016000   0.00010000   0.00006667
 0.560   0.00792630   0.00399562   0.00040000   0.00016000   0.00010000   0.00006667
 0.565   0.00792377   0.00399535   0.00040000   0.00016000   0.00010000   0.00006667
 0.570   0.00792100   0.00399505   0.00040000   0.00016000   0.00010000   0.00006667
 0.575   0.00791798   0.00399472   0.00040000   0.00016000   0.00010000   0.00006667
 0.580   0.00791471   0.00399436   0.00040000   0.00016000   0.00010000   0.00006667
 0.585   0.00791118   0.00399396   0.00040000   0.00016000   0.00010000   0.00006667
 0.590   0.00790736   0.00399353   0.00040000   0.00016000   0.00010000   0.00006667
 0.595   0.00790326   0.00399305   0.00040000   0.00016000   0.00010000   0.00006667
 0.600   0.00789885   0.00399253   0.00040000   0.00016000   0.00010000   0.00006667
 0.605   0.00789413   0.00399196   0.00040000   0.00016000   0.00010000   0.00006667
 0.610   0.00788907   0.00399135   0.00040000   0.00016000   0.00010000   0.00006667
 0.615   0.00788367   0.00399068   0.00040000   0.00016000   0.00010000   0.00006667
 0.620   0.00787791   0.00398995   0.00040000   0.00016000   0.00010000   0.00006667
 0.625   0.00787176   0.00398915   0.00040000   0.00016000   0.00010000   0.00006667
 0.630   0.00786522   0.00398829   0.00040000   0.00016000   0.00010000   0.00006667
 0.635   0.00785825   0.00398736   0.00040000   0.00016000   0.00010000   0.00006667
 0.640   0.00785084   0.00398635   0.00040000   0.00016000   0.00010000   0.00006667
 0.645   0.00784296   0.00398525   0.00040000   0.00016000   0.00010000   0.00006667
 0.650   0.00783459   0.00398406   0.00040000   0.00016000   0.00010000   0.00006667
 0.655   0.00782571   0.00398277   0.00040000   0.00016000   0.00010000   0.00006667
 0.660   0.00781628   0.00398137   0.00040000   0.00016000   0.00010000   0.00006667
 0.665   0.00780627   0.00397986   0.00040000   0.00016000   0.00010000   0.00006667
 0.670   0.00779566   0.00397822   0.00040000   0.00016000   0.00010000   0.00006667
 0.675   0.00778442   0.00397645   0.00040000   0.00016000   0.00010000   0.00006667
 0.680   0.00777249   0.00397452   0.00040000   0.00016000   0.00010000   0.00006667
 0.685   0.00775986   0.00397244   0.00040000   0.00016000   0.00010000   0.00006667
 0.690   0.00774648   0.00397019   0.00040000   0.00016000   0.00010000   0.00006667
 0.695   0.00773230   0.00396775   0.00040000   0.00016000   0.00010000   0.00006667
 0.700   0.00771729   0.00396510   0.00040000   0.00016000   0.00010000   0.00006667
 0.705   0.00770139   0.00396224   0.00040000   0.00016000   0.00010000   0.00006667
 0.710   0.00768456   0.00395914   0.00040000   0.00016000   0.00010000   0.00006667
 0.715   0.00766674   0.00395579   0.00040000   0.00016000   0.00010000   0.00006667
 0.720   0.00764788   0.00395216   0.00040000   0.00016000   0.00010000   0.00006667
 0.725   0.00762792   0.00394823   0.00040000   0.00016000   0.00010000   0.00006667
 0.730   0.00760680   0.00394398   0.00040000   0.00016000   0.00010000   0.00006667
 0.735   0.00758445   0.00393938   0.00040000   0.00016000   0.00010000   0.00006667
 0.740   0.00756080   0.00393440   0.00040000   0.00016000   0.00010000   0.00006667
 0.745   0.00753578   0.00392901   0.00040000   0.00016000   0.00010000   0.00006667
 0.750   0.00750930   0.00392317   0.00040000   0.00016000   0.00010000   0.00006667
 0.755   0.00748130   0.00391686   0.00040000   0.00016000   0.00010000   0.00006667
 0.760   0.00745167   0.00391002   0.00040000   0.00016000   0.00010000   0.00006667
 0.765   0.00742032   0.00390262   0.00040000   0.00016000   0.00010000   0.00006667
 0.770   0.00738717   0.00389461   0.00040000   0.00016000   0.00010000   0.00006667
 0.775   0.00735210   0.00388595   0.00039999   0.00016000   0.00010000   0.00006667
 0.780   0.00731500   0.00387657   0.00039999   0.00016000   0.00010000   0.00006667
 0.785   0.00727577   0.00386642   0.00039999   0.00016000   0.00010000   0.00006667
 0.790   0.00723426   0.00385543   0.00039999   0.00016000   0.00010000   0.00006667
 0.795   0.00719037   0.00384354   0.00039999   0.00016000   0.00010000   0.00006667
 0.800   0.00714394   0.00383067   0.00039998   0.00016000   0.00010000   0.00006667
 0.805   0.00709484   0.00381674   0.00039998   0.00016000   0.00010000   0.00006667
 0.810   0.00704291   0.00380167   0.00039997   0.00016000   0.00010000   0.00006667
 0.815   0.00698799   0.00378535   0.00039996   0.00016000   0.00010000   0.00006667
 0.820   0.00692991   0.00376770   0.00039995   0.00016000   0.00010000   0.00006667
 0.825   0.00686848   0.00374859   0.00039994   0.00016000   0.00010000   0.00006667
 0.830   0.00680351   0.00372791   0.00039992   0.00016000   0.00010000   0.00006667
 0.835   0.00673480   0.00370552   0.00039990   0.00016000   0.00010000   0.00006667
 0.840   0.00666214   0.00368130   0.00039987   0.00016000   0.00010000   0.00006667
 0.845   0.00658529   0.00365508   0.00039983   0.00016000   0.00010000   0.00006667
 0.850   0.00650403   0.00362671   0.00039978   0.00016000   0.00010000   0.00006667
 0.855   0.00641809   0.00359600   0.00039972   0.00016000   0.00010000   0.00006667
 0.860   0.00632720   0.00356277   0.00039964   0.00016000   0.00010000   0.00006667
 0.865   0.00623108   0.00352680   0.00039953   0.00016000   0.00010000   0.00006667
 0.870   0.00612944   0.00348787   0.00039940   0.00015999   0.00010000   0.00006667
 0.875   0.00602195   0.00344574   0.00039923   0.00015999   0.00010000   0.00006667
 0.880   0.00590827   0.00340014   0.00039901   0.00015999   0.00010000   0.00006667
 0.885   0.00578806   0.00335080   0.00039873   0.00015998   0.00010000   0.00006667
 0.890   0.00566093   0.00329739   0.00039837   0.00015997   0.00010000   0.00006667
 0.895   0.00552649   0.00323959   0.00039790   0.00015996   0.00010000   0.00006667
 0.900   0.00538432   0.00317703   0.00039730   0.00015994   0.00010000   0.00006667
 0.905   0.00523397   0.00310933   0.00039654   0.00015991   0.00009999   0.00006667
 0.910   0.00507498   0.00303606   0.00039556   0.00015987   0.00009999   0.00006667
 0.915   0.00490684   0.00295676   0.00039429   0.00015981   0.00009998   0.00006666
 0.920   0.00472904   0.00287094   0.00039267   0.00015971   0.00009997   0.00006666
 0.925   0.00454101   0.00277806   0.00039059   0.00015957   0.00009994   0.00006666
 0.930   0.00434217   0.00267753   0.00038792   0.00015937   0.00009991   0.00006665
 0.935   0.00413189   0.00256874   0.00038449   0.00015906   0.00009985   0.00006664
 0.940   0.00390953   0.00245100   0.00038009   0.00015861   0.00009975   0.00006662
 0.945   0.00367438   0.00232357   0.00037443   0.00015793   0.00009959   0.00006659
 0.950   0.00342570   0.00218565   0.00036717   0.00015693   0.00009933   0.00006652
 0.955   0.00316273   0.00203639   0.00035784   0.00015544   0.00009889   0.00006640
 0.960   0.00288464   0.00187486   0.00034587   0.00015323   0.00009817   0.00006617
 0.965   0.00259056   0.00170003   0.00033049   0.00014994   0.00009698   0.00006575
 0.970   0.00227957   0.00151082   0.00031075   0.00014507   0.00009502   0.00006498
 0.975   0.00195069   0.00130605   0.00028540   0.00013783   0.00009179   0.00006355
 0.980   0.00160291   0.00108443   0.00025285   0.00012708   0.00008647   0.00006091
 0.985   0.00123514   0.00084457   0.00021105   0.00011112   0.00007769   0.00005605
 0.990   0.00084621   0.00058499   0.00015739   0.00008743   0.00006321   0.00004708
 0.995   0.00043493   0.00030405   0.00008848   0.00005224   0.00003935   0.00003053
 1.000   0.00000000   0.00000000   0.00000000   0.00000000   0.00000000   0.00000000
