     x          0.5            1           10           25           40           60
 0.000  -0.00007111  -0.00005047  -0.00001641  -0.00001063  -0.00000855  -0.00000712
 0.005   0.00036769   0.00025742   0.00007570   0.00004508   0.00003416   0.00002667
 0.010   0.00078263   0.00054190   0.00014744   0.00008260   0.00006007   0.00004499
 0.015   0.00117501   0.00080476   0.00020330   0.00010787   0.00007578   0.00005491
 0.020   0.00154605   0.00104764   0.00024681   0.00012489   0.00008531   0.00006030
 0.025   0.00189692   0.00127206   0.00028070   0.00013636   0.00009109   0.00006321
 0.030   0.00222872   0.00147941   0.00030709   0.00014408   0.00009460   0.00006479
 0.035   0.00254247   0.00167101   0.00032764   0.00014928   0.00009672   0.00006565
 0.040   0.00283917   0.00184804   0.00034365   0.00015278   0.00009801   0.00006612
 0.045   0.00311973   0.00201162   0.00035611   0.00015514   0.00009879   0.00006637
 0.050   0.00338504   0.00216276   0.00036582   0.00015672   0.00009927   0.00006651
 0.055   0.00363593   0.00230241   0.00037338   0.00015779   0.00009956   0.00006658
 0.060   0.00387317   0.00243145   0.00037927   0.00015851   0.00009973   0.00006662
 0.065   0.00409751   0.00255068   0.00038385   0.00015900   0.00009984   0.00006664
 0.070   0.00430966   0.00266085   0.00038743   0.00015933   0.00009990   0.00006665
 0.075   0.00451026   0.00276264   0.00039021   0.00015955   0.00009994   0.00006666
 0.080   0.00469996   0.00285670   0.00039237   0.00015969   0.00009996   0.00006666
 0.085   0.00487935   0.00294360   0.00039406   0.00015979   0.00009998   0.00006666
 0.090   0.00504898   0.00302390   0.00039537   0.00015986   0.00009999   0.00006667
 0.095   0.00520939   0.00309810   0.00039640   0.00015991   0.00009999   0.00006667
 0.100   0.00536107   0.00316665   0.00039719   0.00015994   0.00010000   0.00006667
 0.105   0.00550450   0.00323000   0.00039781   0.00015996   0.00010000   0.00006667
 0.110   0.00564014   0.00328853   0.00039830   0.00015997   0.00010000   0.00006667
 0.115   0.00576840   0.00334261   0.00039867   0.00015998   0.00010000   0.00006667
 0.120   0.00588968   0.00339258   0.00039897   0.00015999   0.00010000   0.00006667
 0.125   0.00600436   0.00343875   0.00039920   0.00015999   0.00010000   0.00006667
 0.130   0.00611281   0.00348141   0.00039937   0.00015999   0.00010000   0.00006667
 0.135   0.00621536   0.00352083   0.00039951   0.00016000   0.00010000   0.00006667
 0.140   0.00631233   0.00355725   0.00039962   0.00016000   0.00010000   0.00006667
 0.145   0.00640403   0.00359090   0.00039970   0.00016000   0.00010000   0.00006667
 0.150   0.00649073   0.00362200   0.00039977   0.00016000   0.00010000   0.00006667
 0.155   0.00657272   0.00365073   0.00039982   0.00016000   0.00010000   0.00006667
 0.160   0.00665025   0.00367728   0.00039986   0.00016000   0.00010000   0.00006667
 0.165   0.00672355   0.00370181   0.00039989   0.00016000   0.00010000   0.00006667
 0.170   0.00679287   0.00372447   0.00039992   0.00016000   0.00010000   0.00006667
 0.175   0.00685842   0.00374542   0.00039993   0.00016000   0.00010000   0.00006667
 0.180   0.00692039   0.00376477   0.00039995   0.00016000   0.00010000   0.00006667
 0.185   0.00697900   0.00378265   0.00039996   0.00016000   0.00010000   0.00006667
 0.190   0.00703441   0.00379917   0.00039997   0.00016000   0.00010000   0.00006667
 0.195   0.00708680   0.00381443   0.00039998   0.00016000   0.00010000   0.00006667
 0.200   0.00713634   0.00382853   0.00039998   0.00016000   0.00010000   0.00006667
 0.205   0.00718317   0.00384157   0.00039999   0.00016000   0.00010000   0.00006667
 0.210   0.00722746   0.00385361   0.00039999   0.00016000   0.00010000   0.00006667
 0.215   0.00726933   0.00386473   0.00039999   0.00016000   0.00010000   0.00006667
 0.220   0.00730891   0.00387501   0.00039999   0.00016000   0.00010000   0.00006667
 0.225   0.00734634   0.00388451   0.00039999   0.00016000   0.00010000   0.00006667
 0.230   0.00738172   0.00389328   0.00040000   0.00016000   0.00010000   0.00006667
 0.235   0.00741517   0.00390139   0.00040000   0.00016000   0.00010000   0.00006667
 0.240   0.00744679   0.00390888   0.00040000   0.00016000   0.00010000   0.00006667
 0.245   0.00747669   0.00391581   0.00040000   0.00016000   0.00010000   0.00006667
 0.250   0.00750494   0.00392220   0.00040000   0.00016000   0.00010000   0.00006667
 0.255   0.00753165   0.00392811   0.00040000   0.00016000   0.00010000   0.00006667
 0.260   0.00755690   0.00393357   0.00040000   0.00016000   0.00010000   0.00006667
 0.265   0.00758076   0.00393862   0.00040000   0.00016000   0.00010000   0.00006667
 0.270   0.00760331   0.00394328   0.00040000   0.00016000   0.00010000   0.00006667
 0.275   0.00762462   0.00394758   0.00040000   0.00016000   0.00010000   0.00006667
 0.280   0.00764475   0.00395156   0.00040000   0.00016000   0.00010000   0.00006667
 0.285   0.00766378   0.00395523   0.00040000   0.00016000   0.00010000   0.00006667
 0.290   0.00768175   0.00395863   0.00040000   0.00016000   0.00010000   0.00006667
 0.295   0.00769873   0.00396176   0.00040000   0.00016000   0.00010000   0.00006667
 0.300   0.00771477   0.00396466   0.00040000   0.00016000   0.00010000   0.00006667
 0.305   0.00772992   0.00396734   0.00040000   0.00016000   0.00010000   0.00006667
 0.310   0.00774422   0.00396981   0.00040000   0.00016000   0.00010000   0.00006667
 0.315   0.00775772   0.00397209   0.00040000   0.00016000   0.00010000   0.00006667
 0.320   0.00777047   0.00397420   0.00040000   0.00016000   0.00010000   0.00006667
 0.325   0.00778250   0.00397615   0.00040000   0.00016000   0.00010000   0.00006667
 0.330   0.00779385   0.00397795   0.00040000   0.00016000   0.00010000   0.00006667
 0.335   0.00780455   0.00397961   0.00040000   0.00016000   0.00010000   0.00006667
 0.340   0.00781464   0.00398114   0.00040000   0.00016000   0.00010000   0.00006667
 0.345   0.00782416   0.00398255   0.00040000   0.00016000   0.00010000   0.00006667
 0.350   0.00783312   0.00398386   0.00040000   0.00016000   0.00010000   0.00006667
 0.355   0.00784157   0.00398507   0.00040000   0.00016000   0.00010000   0.00006667
 0.360   0.00784951   0.00398618   0.00040000   0.00016000   0.00010000   0.00006667
 0.365   0.00785699   0.00398720   0.00040000   0.00016000   0.00010000   0.00006667
 0.370   0.00786402   0.00398815   0.00040000   0.00016000   0.00010000   0.00006667
 0.375   0.00787062   0.00398902   0.00040000   0.00016000   0.00010000   0.00006667
 0.380   0.00787682   0.00398982   0.00040000   0.00016000   0.00010000   0.00006667
 0.385   0.00788264   0.00399056   0.00040000   0.00016000   0.00010000   0.00006667
 0.390   0.00788809   0.00399124   0.00040000   0.00016000   0.00010000   0.00006667
 0.395   0.00789319   0.00399186   0.00040000   0.00016000   0.00010000   0.00006667
 0.400   0.00789795   0.00399244   0.00040000   0.00016000   0.00010000   0.00006667
 0.405   0.00790240   0.00399296   0.00040000   0.00016000   0.00010000   0.00006667
 0.410   0.00790654   0.00399344   0.00040000   0.00016000   0.00010000   0.00006667
 0.415   0.00791039   0.00399389   0.00040000   0.00016000   0.00010000   0.00006667
 0.420   0.00791396   0.00399429   0.00040000   0.00016000   0.00010000   0.00006667
 0.425   0.00791726   0.00399466   0.00040000   0.00016000   0.00010000   0.00006667
 0.430   0.00792030   0.00399499   0.00040000   0.00016000   0.00010000   0.00006667
 0.435   0.00792309   0.00399529   0.00040000   0.00016000   0.00010000   0.00006667
 0.440   0.00792564   0.00399557   0.00040000   0.00016000   0.00010000   0.00006667
 0.445   0.00792796   0.00399581   0.00040000   0.00016000   0.00010000   0.00006667
 0.450   0.00793005   0.00399603   0.00040000   0.00016000   0.00010000   0.00006667
 0.455   0.00793193   0.00399623   0.00040000   0.00016000   0.00010000   0.00006667
 0.460   0.00793359   0.00399640   0.00040000   0.00016000   0.00010000   0.00006667
 0.465   0.00793505   0.00399654   0.00040000   0.00016000   0.00010000   0.00006667
 0.470   0.00793630   0.00399667   0.00040000   0.00016000   0.00010000   0.00006667
 0.475   0.00793735   0.00399678   0.00040000   0.00016000   0.00010000   0.00006667
 0.480   0.00793821   0.00399686   0.00040000   0.00016000   0.00010000   0.00006667
 0.485   0.00793887   0.00399693   0.00040000   0.00016000   0.00010000   0.00006667
 0.490   0.00793934   0.00399698   0.00040000   0.00016000   0.00010000   0.00006667
 0.495   0.00793963   0.00399700   0.00040000   0.00016000   0.00010000   0.00006667
 0.500   0.00793972   0.00399701   0.00040000   0.00016000   0.00010000   0.00006667
 0.505   0.00793963   0.00399700   0.00040000   0.00016000   0.00010000   0.00006667
 0.510   0.00793934   0.00399698   0.00040000   0.00016000   0.00010000   0.00006667
 0.515   0.00793887   0.00399693   0.00040000   0.00016000   0.00010000   0.00006667
 0.520   0.00793821   0.00399686   0.00040000   0.00016000   0.00010000   0.00006667
 0.525   0.00793735   0.00399678   0.00040000   0.00016000   0.00010000   0.00006667
 0.530   0.00793630   0.00399667   0.00040000   0.00016000   0.00010000   0.00006667
 0.535   0.00793505   0.00399654   0.00040000   0.00016000   0.00010000   0.00006667
 0.540   0.00793359   0.00399640   0.00040000   0.00016000   0.00010000   0.00006667
 0.545   0.00793193   0.00399623   0.00040000   0.00016000   0.00010000   0.00006667
 0.550   0.00793005   0.00399603   0.00040000   0.00016000   0.00010000   0.00006667
 0.555   0.00792796   0.00399581   0.00040000   0.00016000   0.00010000   0.00006667
 0.560   0.00792564   0.00399557   0.00040000   0.00016000   0.00010000   0.00006667
 0.565   0.00792309   0.00399529   0.00040000   0.00016000   0.00010000   0.00006667
 0.570   0.00792030   0.00399499   0.00040000   0.00016000   0.00010000   0.00006667
 0.575   0.00791726   0.00399466   0.00040000   0.00016000   0.00010000   0.00006667
 0.580   0.00791396   0.00399429   0.00040000   0.00016000   0.00010000   0.00006667
 0.585   0.00791039   0.00399389   0.00040000   0.00016000   0.00010000   0.00006667
 0.590   0.00790654   0.00399344   0.00040000   0.00016000   0.00010000   0.00006667
 0.595   0.00790240   0.00399296   0.00040000   0.00016000   0.00010000   0.00006667
 0.600   0.00789795   0.00399244   0.00040000   0.00016000   0.00010000   0.00006667
 0.605   0.00789319   0.00399186   0.00040000   0.00016000   0.00010000   0.00006667
 0.610   0.00788809   0.00399124   0.00040000   0.00016000   0.00010000   0.00006667
 0.615   0.00788264   0.00399056   0.00040000   0.00016000   0.00010000   0.00006667
 0.620   0.00787682   0.00398982   0.00040000   0.00016000   0.00010000   0.00006667
 0.625   0.00787062   0.00398902   0.00040000   0.00016000   0.00010000   0.00006667
 0.630   0.00786402   0.00398815   0.00040000   0.00016000   0.00010000   0.00006667
 0.635   0.00785699   0.00398720   0.00040000   0.00016000   0.00010000   0.00006667
 0.640   0.00784951   0.00398618   0.00040000   0.00016000   0.00010000   0.00006667
 0.645   0.00784157   0.00398507   0.00040000   0.00016000   0.00010000   0.00006667
 0.650   0.00783312   0.00398386   0.00040000   0.00016000   0.00010000   0.00006667
 0.655   0.00782416   0.00398255   0.00040000   0.00016000   0.00010000   0.00006667
 0.660   0.00781464   0.00398114   0.00040000   0.00016000   0.00010000   0.00006667
 0.665   0.00780455   0.00397961   0.00040000   0.00016000   0.00010000   0.00006667
 0.670   0.00779385   0.00397795   0.00040000   0.00016000   0.00010000   0.00006667
 0.675   0.00778250   0.00397615   0.00040000   0.00016000   0.00010000   0.00006667
 0.680   0.00777047   0.00397420   0.00040000   0.00016000   0.00010000   0.00006667
 0.685   0.00775772   0.00397209   0.00040000   0.00016000   0.00010000   0.00006667
 0.690   0.00774422   0.00396981   0.00040000   0.00016000   0.00010000   0.00006667
 0.695   0.00772992   0.00396734   0.00040000   0.00016000   0.00010000   0.00006667
 0.700   0.00771477   0.00396466   0.00040000   0.00016000   0.00010000   0.00006667
 0.705   0.00769873   0.00396176   0.00040000   0.00016000   0.00010000   0.00006667
 0.710   0.00768175   0.00395863   0.00040000   0.00016000   0.00010000   0.00006667
 0.715   0.00766378   0.00395523   0.00040000   0.00016000   0.00010000   0.00006667
 0.720   0.00764475   0.00395156   0.00040000   0.00016000   0.00010000   0.00006667
 0.725   0.00762462   0.00394758   0.00040000   0.00016000   0.00010000   0.00006667
 0.730   0.00760331   0.00394328   0.00040000   0.00016000   0.00010000   0.00006667
 0.735   0.00758076   0.00393862   0.00040000   0.00016000   0.00010000   0.00006667
 0.740   0.00755690   0.00393357   0.00040000   0.00016000   0.00010000   0.00006667
 0.745   0.00753165   0.00392811   0.00040000   0.00016000   0.00010000   0.00006667
 0.750   0.00750494   0.00392220   0.00040000   0.00016000   0.00010000   0.00006667
 0.755   0.00747669   0.00391581   0.00040000   0.00016000   0.00010000   0.00006667
 0.760   0.00744679   0.00390888   0.00040000   0.00016000   0.00010000   0.00006667
 0.765   0.00741517   0.00390139   0.00040000   0.00016000   0.00010000   0.00006667
 0.770   0.00738172   0.00389328   0.00040000   0.00016000   0.00010000   0.00006667
 0.775   0.00734634   0.00388451   0.00039999   0.00016000   0.00010000   0.00006667
 0.780   0.00730891   0.00387501   0.00039999   0.00016000   0.00010000   0.00006667
 0.785   0.00726933   0.00386473   0.00039999   0.00016000   0.00010000   0.00006667
 0.790   0.00722746   0.00385361   0.00039999   0.00016000   0.00010000   0.00006667
 0.795   0.00718317   0.00384157   0.00039999   0.00016000   0.00010000   0.00006667
 0.800   0.00713634   0.00382853   0.00039998   0.00016000   0.00010000   0.00006667
 0.805   0.00708680   0.00381443   0.00039998   0.00016000   0.00010000   0.00006667
 0.810   0.00703441   0.00379917   0.00039997   0.00016000   0.00010000   0.00006667
 0.815   0.00697900   0.00378265   0.00039996   0.00016000   0.00010000   0.00006667
 0.820   0.00692039   0.00376477   0.00039995   0.00016000   0.00010000   0.00006667
 0.825   0.00685842   0.00374542   0.00039993   0.00016000   0.00010000   0.00006667
 0.830   0.00679287   0.00372447   0.00039992   0.00016000   0.00010000   0.00006667
 0.835   0.00672355   0.00370181   0.00039989   0.00016000   0.00010000   0.00006667
 0.840   0.00665025   0.00367728   0.00039986   0.00016000   0.00010000   0.00006667
 0.845   0.00657272   0.00365073   0.00039982   0.00016000   0.00010000   0.00006667
 0.850   0.00649073   0.00362200   0.00039977   0.00016000   0.00010000   0.00006667
 0.855   0.00640403   0.00359090   0.00039970   0.00016000   0.00010000   0.00006667
 0.860   0.00631233   0.00355725   0.00039962   0.00016000   0.00010000   0.00006667
 0.865   0.00621536   0.00352083   0.00039951   0.00016000   0.00010000   0.00006667
 0.870   0.00611281   0.00348141   0.00039937   0.00015999   0.00010000   0.00006667
 0.875   0.00600436   0.00343875   0.00039920   0.00015999   0.00010000   0.00006667
 0.880   0.00588968   0.00339258   0.00039897   0.00015999   0.00010000   0.00006667
 0.885   0.00576840   0.00334261   0.00039867   0.00015998   0.00010000   0.00006667
 0.890   0.00564014   0.00328853   0.00039830   0.00015997   0.00010000   0.00006667
 0.895   0.00550450   0.00323000   0.00039781   0.00015996   0.00010000   0.00006667
 0.900   0.00536107   0.00316665   0.00039719   0.00015994   0.00010000   0.00006667
 0.905   0.00520939   0.00309810   0.00039640   0.00015991   0.00009999   0.00006667
 0.910   0.00504898   0.00302390   0.00039537   0.00015986   0.00009999   0.00006667
 0.915   0.00487935   0.00294360   0.00039406   0.00015979   0.00009998   0.00006666
 0.920   0.00469996   0.00285670   0.00039237   0.00015969   0.00009996   0.00006666
 0.925   0.00451026   0.00276264   0.00039021   0.00015955   0.00009994   0.00006666
 0.930   0.00430966   0.00266085   0.00038743   0.00015933   0.00009990   0.00006665
 0.935   0.00409751   0.00255068   0.00038385   0.00015900   0.00009984   0.00006664
 0.940   0.00387317   0.00243145   0.00037927   0.00015851   0.00009973   0.00006662
 0.945   0.00363593   0.00230241   0.00037338   0.00015779   0.00009956   0.00006658
 0.950   0.00338504   0.00216276   0.00036582   0.00015672   0.00009927   0.00006651
 0.955   0.00311973   0.00201162   0.00035611   0.00015514   0.00009879   0.00006637
 0.960   0.00283917   0.00184804   0.00034365   0.00015278   0.00009801   0.00006612
 0.965   0.00254247   0.00167101   0.00032764   0.00014928   0.00009672   0.00006565
 0.970   0.00222872   0.00147941   0.00030709   0.00014408   0.00009460   0.00006479
 0.975   0.00189692   0.00127206   0.00028070   0.00013636   0.00009109   0.00006321
 0.980   0.00154605   0.00104764   0.00024681   0.00012489   0.00008531   0.00006030
 0.985   0.00117501   0.00080476   0.00020330   0.00010787   0.00007578   0.00005491
 0.990   0.00078263   0.00054190   0.00014744   0.00008260   0.00006007   0.00004499
 0.995   0.00036769   0.00025742   0.00007570   0.00004508   0.00003416   0.00002667
 1.000  -0.00007111  -0.00005047  -0.00001641  -0.00001063  -0.00000855  -0.00000712
