     x            5           10           50          100          500         1000
 0.000   0.07288665   0.05102935   0.01431397   0.00735548   0.00147994   0.00073997
 0.250   0.07288665   0.05102935   0.01431397   0.00735548   0.00147994   0.00073997
 0.500   0.07288665   0.05102935   0.01431397   0.00735548   0.00147994   0.00073997
 0.750   0.07288665   0.05102935   0.01431397   0.00735548   0.00147994   0.00073997
 1.000   0.07288665   0.05102935   0.01431397   0.00735548   0.00147994   0.00073997
 1.250   0.07288665   0.05102935   0.01431397   0.00735548   0.00147994   0.00073997
 1.500   0.07288665   0.05102935   0.01431397   0.00735548   0.00147994   0.00073997
 1.750   0.07288665   0.05102935   0.01431397   0.00735548   0.00147994   0.00073997
 2.000   0.07288665   0.05102935   0.01431397   0.00735548   0.00147994   0.00073997
 2.250   0.07288665   0.05102935   0.01431397   0.00735548   0.00147994   0.00073997
 2.500   0.07288665   0.05102935   0.01431397   0.00735548   0.00147994   0.00073997
 2.750   0.07288665   0.05102935   0.01431397   0.00735548   0.00147994   0.00073997
 3.000   0.07288665   0.05102935   0.01431397   0.00735548   0.00147994   0.00073997
 3.250   0.07288665   0.05102935   0.01431397   0.00735548   0.00147994   0.00073997
 3.500   0.07288665   0.05102935   0.01431397   0.00735548   0.00147994   0.00073997
 3.750   0.07288665   0.05102935   0.01431397   0.00735548   0.00147994   0.00073997
 4.000   0.07288665   0.05102935   0.01431397   0.00735548   0.00147994   0.00073997
 4.250   0.07288665   0.05102935   0.01431397   0.00735548   0.00147994   0.00073997
 4.500   0.07288665   0.05102935   0.01431397   0.00735548   0.00147994   0.00073997
 4.750   0.07288665   0.05102935   0.01431397   0.00735548   0.00147994   0.00073997
 5.000   0.07288665   0.05102935   0.01431397   0.00735548   0.00147994   0.00073997
 5.250   0.07288665   0.05102935   0.01431397   0.00735548   0.00147994   0.00073997
 5.500   0.07288665   0.05102935   0.01431397   0.00735548   0.00147994   0.00073997
 5.750   0.07288665   0.05102935   0.01431397   0.00735548   0.00147994   0.00073997
 6.000   0.07288665   0.05102935   0.01431397   0.00735548   0.00147994   0.00073997
 6.250   0.07288665   0.05102935   0.01431397   0.00735548   0.00147994   0.00073997
 6.500   0.07288665   0.05102935   0.01431397   0.00735548   0.00147994   0.00073997
 6.750   0.07288665   0.05102935   0.01431397   0.00735548   0.00147994   0.00073997
 7.000   0.07288665   0.05102935   0.01431397   0.00735548   0.00147994   0.00073997
 7.250   0.07288665   0.05102935   0.01431397   0.00735548   0.00147994   0.00073997
 7.500   0.07288665   0.05102935   0.01431397   0.00735548   0.00147994   0.00073997
 7.750   0.07288665   0.05102935   0.01431397   0.00735548   0.00147994   0.00073997
 8.000   0.07288665   0.05102935   0.01431397   0.00735548   0.00147994   0.00073997
 8.250   0.07288665   0.05102935   0.01431397   0.00735548   0.00147994   0.00073997
 8.500   0.07288665   0.05102935   0.01431397   0.00735548   0.00147994   0.00073997
 8.750   0.07288665   0.05102935   0.01431397   0.00735548   0.00147994   0.00073997
 9.000   0.07288665   0.05102935   0.01431397   0.00735548   0.00147994   0.00073997
 9.250   0.07288665   0.05102935   0.01431397   0.00735548   0.00147994   0.00073997
 9.500   0.07288665   0.05102935   0.01431397   0.00735548   0.00147994   0.00073997
 9.750   0.07288665   0.05102935   0.01431397   0.00735548   0.00147994   0.00073997
10.000   0.07288665   0.05102935   0.01431397   0.00735548   0.00147994   0.00073997
10.250   0.07288665   0.05102935   0.01431397   0.00735548   0.00147994   0.00073997
10.500   0.07288665   0.05102935   0.01431397   0.00735548   0.00147994   0.00073997
10.750   0.07288665   0.05102935   0.01431397   0.00735548   0.00147994   0.00073997
11.000   0.07288665   0.05102935   0.01431397   0.00735548   0.00147994   0.00073997
11.250   0.07288665   0.05102935   0.01431397   0.00735548   0.00147994   0.00073997
11.500   0.07288665   0.05102935   0.01431397   0.00735548   0.00147994   0.00073997
11.750   0.07288665   0.05102935   0.01431397   0.00735548   0.00147994   0.00073997
12.000   0.07288665   0.05102935   0.01431397   0.00735548   0.00147994   0.00073997
12.250   0.07288665   0.05102935   0.01431397   0.00735548   0.00147994   0.00073997
12.500   0.07288665   0.05102935   0.01431397   0.00735548   0.00147994   0.00073997
12.750   0.07288665   0.05102935   0.01431397   0.00735548   0.00147994   0.00073997
13.000   0.07288665   0.05102935   0.01431397   0.00735548   0.00147994   0.00073997
13.250   0.07288665   0.05102935   0.01431397   0.00735548   0.00147994   0.00073997
13.500   0.07288665   0.05102935   0.01431397   0.00735548   0.00147994   0.00073997
13.750   0.07288665   0.05102935   0.01431397   0.00735548   0.00147994   0.00073997
14.000   0.07288665   0.05102935   0.01431397   0.00735548   0.00147994   0.00073997
14.250   0.07288665   0.05102935   0.01431397   0.00735548   0.00147994   0.00073997
14.500   0.07288665   0.05102935   0.01431397   0.00735548   0.00147994   0.00073997
14.750   0.07288665   0.05102935   0.01431397   0.00735548   0.00147994   0.00073997
15.000   0.07288665   0.05102935   0.01431397   0.00735548   0.00147994   0.00073997
15.250   0.07288665   0.05102935   0.01431397   0.00735548   0.00147994   0.00073997
15.500   0.07288665   0.05102935   0.01431397   0.00735548   0.00147994   0.00073997
15.750   0.07288665   0.05102935   0.01431397   0.00735548   0.00147994   0.00073997
16.000   0.07288665   0.05102935   0.01431397   0.00735548   0.00147994   0.00073997
16.250   0.07288665   0.05102935   0.01431397   0.00735548   0.00147994   0.00073997
16.500   0.07288665   0.05102935   0.01431397   0.00735548   0.00147994   0.00073997
16.750   0.07288665   0.05102935   0.01431397   0.00735548   0.00147994   0.00073997
17.000   0.07288665   0.05102935   0.01431397   0.00735548   0.00147994   0.00073997
17.250   0.07288665   0.05102935   0.01431397   0.00735548   0.00147994   0.00073997
17.500   0.07288665   0.05102935   0.01431397   0.00735548   0.00147994   0.00073997
17.750   0.07288665   0.05102935   0.01431397   0.00735548   0.00147994   0.00073997
18.000   0.07288665   0.05102935   0.01431397   0.00735548   0.00147994   0.00073997
18.250   0.07288665   0.05102935   0.01431397   0.00735548   0.00147994   0.00073997
18.500   0.07288665   0.05102935   0.01431397   0.00735548   0.00147994   0.00073997
18.750   0.07288665   0.05102935   0.01431397   0.00735548   0.00147994   0.00073997
19.000   0.07288665   0.05102935   0.01431397   0.00735548   0.00147994   0.00073997
19.250   0.07288665   0.05102935   0.01431397   0.00735548   0.00147994   0.00073997
19.500   0.07288665   0.05102935   0.01431397   0.00735548   0.00147994   0.00073997
19.750   0.07288665   0.05102935   0.01431397   0.00735548   0.00147994   0.00073997
20.000   0.07288665   0.05102935   0.01431397   0.00735548   0.00147994   0.00073997
20.250   0.07288665   0.05102935   0.01431397   0.00735548   0.00147994   0.00073997
20.500   0.07288665   0.05102935   0.01431397   0.00735548   0.00147994   0.00073997
20.750   0.07288665   0.05102935   0.01431397   0.00735548   0.00147994   0.00073997
21.000   0.07288665   0.05102935   0.01431397   0.00735548   0.00147994   0.00073997
21.250   0.07288665   0.05102935   0.01431397   0.00735548   0.00147994   0.00073997
21.500   0.07288665   0.05102935   0.01431397   0.00735548   0.00147994   0.00073997
21.750   0.07288665   0.05102935   0.01431397   0.00735548   0.00147994   0.00073997
22.000   0.07288665   0.05102935   0.01431397   0.00735548   0.00147994   0.00073997
22.250   0.07288665   0.05102935   0.01431397   0.00735548   0.00147994   0.00073997
22.500   0.07288665   0.05102935   0.01431397   0.00735548   0.00147994   0.00073997
22.750   0.07288665   0.05102935   0.01431397   0.00735548   0.00147994   0.00073997
23.000   0.07288665   0.05102935   0.01431397   0.00735548   0.00147994   0.00073997
23.250   0.07288665   0.05102935   0.01431397   0.00735548   0.00147994   0.00073997
23.500   0.07288665   0.05102935   0.01431397   0.00735548   0.00147994   0.00073997
23.750   0.07288665   0.05102935   0.01431397   0.00735548   0.00147994   0.00073997
24.000   0.07288665   0.05102935   0.01431397   0.00735548   0.00147994   0.00073997
24.250   0.07288665   0.05102935   0.01431397   0.00735548   0.00147994   0.00073997
24.500   0.07288665   0.05102935   0.01431397   0.00735548   0.00147994   0.00073997
24.750   0.07288665   0.05102935   0.01431397   0.00735548   0.00147994   0.00073997
25.000   0.07288665   0.05102935   0.01431397   0.00735548   0.00147994   0.00073997
25.250   0.07288665   0.05102935   0.01431397   0.00735548   0.00147994   0.00073997
25.500   0.07288665   0.05102935   0.01431397   0.00735548   0.00147994   0.00073997
25.750   0.07288665   0.05102935   0.01431397   0.00735548   0.00147994   0.00073997
26.000   0.07288665   0.05102935   0.01431397   0.00735548   0.00147994   0.00073997
26.250   0.07288665   0.05102935   0.01431397   0.00735548   0.00147994   0.00073997
26.500   0.07288665   0.05102935   0.01431397   0.00735548   0.00147994   0.00073997
26.750   0.07288665   0.05102935   0.01431397   0.00735548   0.00147994   0.00073997
27.000   0.07288665   0.05102935   0.01431397   0.00735548   0.00147994   0.00073997
27.250   0.07288665   0.05102935   0.01431397   0.00735548   0.00147994   0.00073997
27.500   0.07288665   0.05102935   0.01431397   0.00735548   0.00147994   0.00073997
27.750   0.07288665   0.05102935   0.01431397   0.00735548   0.00147994   0.00073997
28.000   0.07288665   0.05102935   0.01431397   0.00735548   0.00147994   0.00073997
28.250   0.07288665   0.05102935   0.01431397   0.00735548   0.00147994   0.00073997
28.500   0.07288665   0.05102935   0.01431397   0.00735548   0.00147994   0.00073997
28.750   0.07288665   0.05102935   0.01431397   0.00735548   0.00147994   0.00073997
29.000   0.07288665   0.05102935   0.01431397   0.00735548   0.00147994   0.00073997
29.250   0.07288665   0.05102935   0.01431397   0.00735548   0.00147994   0.00073997
29.500   0.07288665   0.05102935   0.01431397   0.00735548   0.00147994   0.00073997
29.750   0.07288665   0.05102935   0.01431397   0.00735548   0.00147994   0.00073997
30.000   0.07288665   0.05102935   0.01431397   0.00735548   0.00147994   0.00073997
30.250   0.07288665   0.05102935   0.01431397   0.00735548   0.00147994   0.00073997
30.500   0.07288665   0.05102935   0.01431397   0.00735548   0.00147994   0.00073997
30.750   0.07288665   0.05102935   0.01431397   0.00735548   0.00147994   0.00073997
31.000   0.07288665   0.05102935   0.01431397   0.00735548   0.00147994   0.00073997
31.250   0.07288665   0.05102935   0.01431397   0.00735548   0.00147994   0.00073997
31.500   0.07288665   0.05102935   0.01431397   0.00735548   0.00147994   0.00073997
31.750   0.07288665   0.05102935   0.01431397   0.00735548   0.00147994   0.00073997
32.000   0.07288665   0.05102935   0.01431397   0.00735548   0.00147994   0.00073997
32.250   0.07288665   0.05102935   0.01431397   0.00735548   0.00147994   0.00073997
32.500   0.07288665   0.05102935   0.01431397   0.00735548   0.00147994   0.00073997
32.750   0.07288665   0.05102935   0.01431397   0.00735548   0.00147994   0.00073997
33.000   0.07288665   0.05102935   0.01431397   0.00735548   0.00147994   0.00073997
33.250   0.07288665   0.05102935   0.01431397   0.00735548   0.00147994   0.00073997
33.500   0.07288665   0.05102935   0.01431397   0.00735548   0.00147994   0.00073997
33.750   0.07288665   0.05102935   0.01431397   0.00735548   0.00147994   0.00073997
34.000   0.07288665   0.05102935   0.01431397   0.00735548   0.00147994   0.00073997
34.250   0.07288665   0.05102935   0.01431397   0.00735548   0.00147994   0.00073997
34.500   0.07288665   0.05102935   0.01431397   0.00735548   0.00147994   0.00073997
34.750   0.07288665   0.05102935   0.01431397   0.00735548   0.00147994   0.00073997
35.000   0.07288665   0.05102935   0.01431397   0.00735548   0.00147994   0.00073997
35.250   0.07288665   0.05102935   0.01431397   0.00735548   0.00147994   0.00073997
35.500   0.07288665   0.05102935   0.01431397   0.00735548   0.00147994   0.00073997
35.750   0.07288665   0.05102935   0.01431397   0.00735548   0.00147994   0.00073997
36.000   0.07288665   0.05102935   0.01431397   0.00735548   0.00147994   0.00073997
36.250   0.07288665   0.05102935   0.01431397   0.00735548   0.00147994   0.00073997
36.500   0.07288665   0.05102935   0.01431397   0.00735548   0.00147994   0.00073997
36.750   0.07288665   0.05102935   0.01431397   0.00735548   0.00147994   0.00073997
37.000   0.07288665   0.05102935   0.01431397   0.00735548   0.00147994   0.00073997
37.250   0.07288665   0.05102935   0.01431397   0.00735548   0.00147994   0.00073997
37.500   0.07288665   0.05102935   0.01431397   0.00735548   0.00147994   0.00073997
37.750   0.07288665   0.05102935   0.01431397   0.00735548   0.00147994   0.00073997
38.000   0.07288665   0.05102935   0.01431397   0.00735548   0.00147994   0.00073997
38.250   0.07288665   0.05102935   0.01431397   0.00735548   0.00147994   0.00073997
38.500   0.07288665   0.05102935   0.01431397   0.00735548   0.00147994   0.00073997
38.750   0.07288665   0.05102935   0.01431397   0.00735548   0.00147994   0.00073997
39.000   0.07288665   0.05102935   0.01431397   0.00735548   0.00147994   0.00073997
39.250   0.07288665   0.05102935   0.01431397   0.00735548   0.00147994   0.00073997
39.500   0.07288665   0.05102935   0.01431397   0.00735548   0.00147994   0.00073997
39.750   0.07288665   0.05102935   0.01431397   0.00735548   0.00147994   0.00073997
40.000   0.07288665   0.05102935   0.01431397   0.00735548   0.00147994   0.00073997
40.250   0.07288665   0.05102935   0.01431397   0.00735548   0.00147994   0.00073997
40.500   0.07288665   0.05102935   0.01431397   0.00735548   0.00147994   0.00073997
40.750   0.07288665   0.05102935   0.01431397   0.00735548   0.00147994   0.00073997
41.000   0.07288665   0.05102935   0.01431397   0.00735548   0.00147994   0.00073997
41.250   0.07288665   0.05102935   0.01431397   0.00735548   0.00147994   0.00073997
41.500   0.07288665   0.05102935   0.01431397   0.00735548   0.00147994   0.00073997
41.750   0.07288665   0.05102935   0.01431397   0.00735548   0.00147994   0.00073997
42.000   0.07288665   0.05102935   0.01431397   0.00735548   0.00147994   0.00073997
42.250   0.07288665   0.05102935   0.01431397   0.00735548   0.00147994   0.00073997
42.500   0.07288665   0.05102935   0.01431397   0.00735548   0.00147994   0.00073997
42.750   0.07288665   0.05102935   0.01431397   0.00735548   0.00147994   0.00073997
43.000   0.07288665   0.05102935   0.01431397   0.00735548   0.00147994   0.00073997
43.250   0.07288665   0.05102935   0.01431397   0.00735548   0.00147994   0.00073997
43.500   0.07288665   0.05102935   0.01431397   0.00735548   0.00147994   0.00073997
43.750   0.07288665   0.05102935   0.01431397   0.00735548   0.00147994   0.00073997
44.000   0.07288665   0.05102935   0.01431397   0.00735548   0.00147994   0.00073997
44.250   0.07288665   0.05102935   0.01431397   0.00735548   0.00147994   0.00073997
44.500   0.07288665   0.05102935   0.01431397   0.00735548   0.00147994   0.00073997
44.750   0.07288665   0.05102935   0.01431397   0.00735548   0.00147994   0.00073997
45.000   0.07288665   0.05102935   0.01431397   0.00735548   0.00147994   0.00073997
45.250   0.07288665   0.05102935   0.01431397   0.00735548   0.00147994   0.00073997
45.500   0.07288665   0.05102935   0.01431397   0.00735548   0.00147994   0.00073997
45.750   0.07288665   0.05102935   0.01431397   0.00735548   0.00147994   0.00073997
46.000   0.07288665   0.05102935   0.01431397   0.00735548   0.00147994   0.00073997
46.250   0.07288665   0.05102935   0.01431397   0.00735548   0.00147994   0.00073997
46.500   0.07288665   0.05102935   0.01431397   0.00735548   0.00147994   0.00073997
46.750   0.07288665   0.05102935   0.01431397   0.00735548   0.00147994   0.00073997
47.000   0.07288665   0.05102935   0.01431397   0.00735548   0.00147994   0.00073997
47.250   0.07288665   0.05102935   0.01431397   0.00735548   0.00147994   0.00073997
47.500   0.07288665   0.05102935   0.01431397   0.00735548   0.00147994   0.00073997
47.750   0.07288665   0.05102935   0.01431397   0.00735548   0.00147994   0.00073997
48.000   0.07288665   0.05102935   0.01431397   0.00735548   0.00147994   0.00073997
48.250   0.07288665   0.05102935   0.01431397   0.00735548   0.00147994   0.00073997
48.500   0.07288665   0.05102935   0.01431397   0.00735548   0.00147994   0.00073997
48.750   0.07288665   0.05102935   0.01431397   0.00735548   0.00147994   0.00073997
49.000   0.07288665   0.05102935   0.01431397   0.00735548   0.00147994   0.00073997
49.250   0.07288665   0.05102935   0.01431397   0.00735548   0.00147994   0.00073997
49.500   0.07288665   0.05102935   0.01431397   0.00735548   0.00147994   0.00073997
49.750   0.07288665   0.05102935   0.01431397   0.00735548   0.00147994   0.00073997
50.000   0.07288665   0.05102935   0.01431397   0.00735548   0.00147994   0.00073997
