     x            5           10           50          100          500         1000
 0.000   0.09434024   0.02549552   0.00020320  -0.00008904  -0.00001749  -0.00000672
 0.250   0.09434024   0.02549552   0.00020320  -0.00008904  -0.00001749  -0.00000672
 0.500   0.09434024   0.02549552   0.00020320  -0.00008904  -0.00001749  -0.00000672
 0.750   0.09434024   0.02549552   0.00020320  -0.00008904  -0.00001749  -0.00000672
 1.000   0.09434024   0.02549552   0.00020320  -0.00008904  -0.00001749  -0.00000672
 1.250   0.09434024   0.02549552   0.00020320  -0.00008904  -0.00001749  -0.00000672
 1.500   0.09434024   0.02549552   0.00020320  -0.00008904  -0.00001749  -0.00000672
 1.750   0.09434024   0.02549552   0.00020320  -0.00008904  -0.00001749  -0.00000672
 2.000   0.09434024   0.02549552   0.00020320  -0.00008904  -0.00001749  -0.00000672
 2.250   0.09434024   0.02549552   0.00020320  -0.00008904  -0.00001749  -0.00000672
 2.500   0.09434024   0.02549552   0.00020320  -0.00008904  -0.00001749  -0.00000672
 2.750   0.09434024   0.02549552   0.00020320  -0.00008904  -0.00001749  -0.00000672
 3.000   0.09434024   0.02549552   0.00020320  -0.00008904  -0.00001749  -0.00000672
 3.250   0.09434024   0.02549552   0.00020320  -0.00008904  -0.00001749  -0.00000672
 3.500   0.09434024   0.02549552   0.00020320  -0.00008904  -0.00001749  -0.00000672
 3.750   0.09434024   0.02549552   0.00020320  -0.00008904  -0.00001749  -0.00000672
 4.000   0.09434024   0.02549552   0.00020320  -0.00008904  -0.00001749  -0.00000672
 4.250   0.09434024   0.02549552   0.00020320  -0.00008904  -0.00001749  -0.00000672
 4.500   0.09434024   0.02549552   0.00020320  -0.00008904  -0.00001749  -0.00000672
 4.750   0.09434024   0.02549552   0.00020320  -0.00008904  -0.00001749  -0.00000672
 5.000   0.09434024   0.02549552   0.00020320  -0.00008904  -0.00001749  -0.00000672
 5.250   0.09434024   0.02549552   0.00020320  -0.00008904  -0.00001749  -0.00000672
 5.500   0.09434024   0.02549552   0.00020320  -0.00008904  -0.00001749  -0.00000672
 5.750   0.09434024   0.02549552   0.00020320  -0.00008904  -0.00001749  -0.00000672
 6.000   0.09434024   0.02549552   0.00020320  -0.00008904  -0.00001749  -0.00000672
 6.250   0.09434024   0.02549552   0.00020320  -0.00008904  -0.00001749  -0.00000672
 6.500   0.09434024   0.02549552   0.00020320  -0.00008904  -0.00001749  -0.00000672
 6.750   0.09434024   0.02549552   0.00020320  -0.00008904  -0.00001749  -0.00000672
 7.000   0.09434024   0.02549552   0.00020320  -0.00008904  -0.00001749  -0.00000672
 7.250   0.09434024   0.02549552   0.00020320  -0.00008904  -0.00001749  -0.00000672
 7.500   0.09434024   0.02549552   0.00020320  -0.00008904  -0.00001749  -0.00000672
 7.750   0.09434024   0.02549552   0.00020320  -0.00008904  -0.00001749  -0.00000672
 8.000   0.09434024   0.02549552   0.00020320  -0.00008904  -0.00001749  -0.00000672
 8.250   0.09434024   0.02549552   0.00020320  -0.00008904  -0.00001749  -0.00000672
 8.500   0.09434024   0.02549552   0.00020320  -0.00008904  -0.00001749  -0.00000672
 8.750   0.09434024   0.02549552   0.00020320  -0.00008904  -0.00001749  -0.00000672
 9.000   0.09434024   0.02549552   0.00020320  -0.00008904  -0.00001749  -0.00000672
 9.250   0.09434024   0.02549552   0.00020320  -0.00008904  -0.00001749  -0.00000672
 9.500   0.09434024   0.02549552   0.00020320  -0.00008904  -0.00001749  -0.00000672
 9.750   0.09434024   0.02549552   0.00020320  -0.00008904  -0.00001749  -0.00000672
10.000   0.09434024   0.02549552   0.00020320  -0.00008904  -0.00001749  -0.00000672
10.250   0.09434024   0.02549552   0.00020320  -0.00008904  -0.00001749  -0.00000672
10.500   0.09434024   0.02549552   0.00020320  -0.00008904  -0.00001749  -0.00000672
10.750   0.09434024   0.02549552   0.00020320  -0.00008904  -0.00001749  -0.00000672
11.000   0.09434024   0.02549552   0.00020320  -0.00008904  -0.00001749  -0.00000672
11.250   0.09434024   0.02549552   0.00020320  -0.00008904  -0.00001749  -0.00000672
11.500   0.09434024   0.02549552   0.00020320  -0.00008904  -0.00001749  -0.00000672
11.750   0.09434024   0.02549552   0.00020320  -0.00008904  -0.00001749  -0.00000672
12.000   0.09434024   0.02549552   0.00020320  -0.00008904  -0.00001749  -0.00000672
12.250   0.09434024   0.02549552   0.00020320  -0.00008904  -0.00001749  -0.00000672
12.500   0.09434024   0.02549552   0.00020320  -0.00008904  -0.00001749  -0.00000672
12.750   0.09434024   0.02549552   0.00020320  -0.00008904  -0.00001749  -0.00000672
13.000   0.09434024   0.02549552   0.00020320  -0.00008904  -0.00001749  -0.00000672
13.250   0.09434024   0.02549552   0.00020320  -0.00008904  -0.00001749  -0.00000672
13.500   0.09434024   0.02549552   0.00020320  -0.00008904  -0.00001749  -0.00000672
13.750   0.09434024   0.02549552   0.00020320  -0.00008904  -0.00001749  -0.00000672
14.000   0.09434024   0.02549552   0.00020320  -0.00008904  -0.00001749  -0.00000672
14.250   0.09434024   0.02549552   0.00020320  -0.00008904  -0.00001749  -0.00000672
14.500   0.09434024   0.02549552   0.00020320  -0.00008904  -0.00001749  -0.00000672
14.750   0.09434024   0.02549552   0.00020320  -0.00008904  -0.00001749  -0.00000672
15.000   0.09434024   0.02549552   0.00020320  -0.00008904  -0.00001749  -0.00000672
15.250   0.09434024   0.02549552   0.00020320  -0.00008904  -0.00001749  -0.00000672
15.500   0.09434024   0.02549552   0.00020320  -0.00008904  -0.00001749  -0.00000672
15.750   0.09434024   0.02549552   0.00020320  -0.00008904  -0.00001749  -0.00000672
16.000   0.09434024   0.02549552   0.00020320  -0.00008904  -0.00001749  -0.00000672
16.250   0.09434024   0.02549552   0.00020320  -0.00008904  -0.00001749  -0.00000672
16.500   0.09434024   0.02549552   0.00020320  -0.00008904  -0.00001749  -0.00000672
16.750   0.09434024   0.02549552   0.00020320  -0.00008904  -0.00001749  -0.00000672
17.000   0.09434024   0.02549552   0.00020320  -0.00008904  -0.00001749  -0.00000672
17.250   0.09434024   0.02549552   0.00020320  -0.00008904  -0.00001749  -0.00000672
17.500   0.09434024   0.02549552   0.00020320  -0.00008904  -0.00001749  -0.00000672
17.750   0.09434024   0.02549552   0.00020320  -0.00008904  -0.00001749  -0.00000672
18.000   0.09434024   0.02549552   0.00020320  -0.00008904  -0.00001749  -0.00000672
18.250   0.09434024   0.02549552   0.00020320  -0.00008904  -0.00001749  -0.00000672
18.500   0.09434024   0.02549552   0.00020320  -0.00008904  -0.00001749  -0.00000672
18.750   0.09434024   0.02549552   0.00020320  -0.00008904  -0.00001749  -0.00000672
19.000   0.09434024   0.02549552   0.00020320  -0.00008904  -0.00001749  -0.00000672
19.250   0.09434024   0.02549552   0.00020320  -0.00008904  -0.00001749  -0.00000672
19.500   0.09434024   0.02549552   0.00020320  -0.00008904  -0.00001749  -0.00000672
19.750   0.09434024   0.02549552   0.00020320  -0.00008904  -0.00001749  -0.00000672
20.000   0.09434024   0.02549552   0.00020320  -0.00008904  -0.00001749  -0.00000672
20.250   0.09434024   0.02549552   0.00020320  -0.00008904  -0.00001749  -0.00000672
20.500   0.09434024   0.02549552   0.00020320  -0.00008904  -0.00001749  -0.00000672
20.750   0.09434024   0.02549552   0.00020320  -0.00008904  -0.00001749  -0.00000672
21.000   0.09434024   0.02549552   0.00020320  -0.00008904  -0.00001749  -0.00000672
21.250   0.09434024   0.02549552   0.00020320  -0.00008904  -0.00001749  -0.00000672
21.500   0.09434024   0.02549552   0.00020320  -0.00008904  -0.00001749  -0.00000672
21.750   0.09434024   0.02549552   0.00020320  -0.00008904  -0.00001749  -0.00000672
22.000   0.09434024   0.02549552   0.00020320  -0.00008904  -0.00001749  -0.00000672
22.250   0.09434024   0.02549552   0.00020320  -0.00008904  -0.00001749  -0.00000672
22.500   0.09434024   0.02549552   0.00020320  -0.00008904  -0.00001749  -0.00000672
22.750   0.09434024   0.02549552   0.00020320  -0.00008904  -0.00001749  -0.00000672
23.000   0.09434024   0.02549552   0.00020320  -0.00008904  -0.00001749  -0.00000672
23.250   0.09434024   0.02549552   0.00020320  -0.00008904  -0.00001749  -0.00000672
23.500   0.09434024   0.02549552   0.00020320  -0.00008904  -0.00001749  -0.00000672
23.750   0.09434024   0.02549552   0.00020320  -0.00008904  -0.00001749  -0.00000672
24.000   0.09434024   0.02549552   0.00020320  -0.00008904  -0.00001749  -0.00000672
24.250   0.09434024   0.02549552   0.00020320  -0.00008904  -0.00001749  -0.00000672
24.500   0.09434024   0.02549552   0.00020320  -0.00008904  -0.00001749  -0.00000672
24.750   0.09434024   0.02549552   0.00020320  -0.00008904  -0.00001749  -0.00000672
25.000   0.09434024   0.02549552   0.00020320  -0.00008904  -0.00001749  -0.00000672
25.250   0.09434024   0.02549552   0.00020320  -0.00008904  -0.00001749  -0.00000672
25.500   0.09434024   0.02549552   0.00020320  -0.00008904  -0.00001749  -0.00000672
25.750   0.09434024   0.02549552   0.00020320  -0.00008904  -0.00001749  -0.00000672
26.000   0.09434024   0.02549552   0.00020320  -0.00008904  -0.00001749  -0.00000672
26.250   0.09434024   0.02549552   0.00020320  -0.00008904  -0.00001749  -0.00000672
26.500   0.09434024   0.02549552   0.00020320  -0.00008904  -0.00001749  -0.00000672
26.750   0.09434024   0.02549552   0.00020320  -0.00008904  -0.00001749  -0.00000672
27.000   0.09434024   0.02549552   0.00020320  -0.00008904  -0.00001749  -0.00000672
27.250   0.09434024   0.02549552   0.00020320  -0.00008904  -0.00001749  -0.00000672
27.500   0.09434024   0.02549552   0.00020320  -0.00008904  -0.00001749  -0.00000672
27.750   0.09434024   0.02549552   0.00020320  -0.00008904  -0.00001749  -0.00000672
28.000   0.09434024   0.02549552   0.00020320  -0.00008904  -0.00001749  -0.00000672
28.250   0.09434024   0.02549552   0.00020320  -0.00008904  -0.00001749  -0.00000672
28.500   0.09434024   0.02549552   0.00020320  -0.00008904  -0.00001749  -0.00000672
28.750   0.09434024   0.02549552   0.00020320  -0.00008904  -0.00001749  -0.00000672
29.000   0.09434024   0.02549552   0.00020320  -0.00008904  -0.00001749  -0.00000672
29.250   0.09434024   0.02549552   0.00020320  -0.00008904  -0.00001749  -0.00000672
29.500   0.09434024   0.02549552   0.00020320  -0.00008904  -0.00001749  -0.00000672
29.750   0.09434024   0.02549552   0.00020320  -0.00008904  -0.00001749  -0.00000672
30.000   0.09434024   0.02549552   0.00020320  -0.00008904  -0.00001749  -0.00000672
30.250   0.09434024   0.02549552   0.00020320  -0.00008904  -0.00001749  -0.00000672
30.500   0.09434024   0.02549552   0.00020320  -0.00008904  -0.00001749  -0.00000672
30.750   0.09434024   0.02549552   0.00020320  -0.00008904  -0.00001749  -0.00000672
31.000   0.09434024   0.02549552   0.00020320  -0.00008904  -0.00001749  -0.00000672
31.250   0.09434024   0.02549552   0.00020320  -0.00008904  -0.00001749  -0.00000672
31.500   0.09434024   0.02549552   0.00020320  -0.00008904  -0.00001749  -0.00000672
31.750   0.09434024   0.02549552   0.00020320  -0.00008904  -0.00001749  -0.00000672
32.000   0.09434024   0.02549552   0.00020320  -0.00008904  -0.00001749  -0.00000672
32.250   0.09434024   0.02549552   0.00020320  -0.00008904  -0.00001749  -0.00000672
32.500   0.09434024   0.02549552   0.00020320  -0.00008904  -0.00001749  -0.00000672
32.750   0.09434024   0.02549552   0.00020320  -0.00008904  -0.00001749  -0.00000672
33.000   0.09434024   0.02549552   0.00020320  -0.00008904  -0.00001749  -0.00000672
33.250   0.09434024   0.02549552   0.00020320  -0.00008904  -0.00001749  -0.00000672
33.500   0.09434024   0.02549552   0.00020320  -0.00008904  -0.00001749  -0.00000672
33.750   0.09434024   0.02549552   0.00020320  -0.00008904  -0.00001749  -0.00000672
34.000   0.09434024   0.02549552   0.00020320  -0.00008904  -0.00001749  -0.00000672
34.250   0.09434024   0.02549552   0.00020320  -0.00008904  -0.00001749  -0.00000672
34.500   0.09434024   0.02549552   0.00020320  -0.00008904  -0.00001749  -0.00000672
34.750   0.09434024   0.02549552   0.00020320  -0.00008904  -0.00001749  -0.00000672
35.000   0.09434024   0.02549552   0.00020320  -0.00008904  -0.00001749  -0.00000672
35.250   0.09434024   0.02549552   0.00020320  -0.00008904  -0.00001749  -0.00000672
35.500   0.09434024   0.02549552   0.00020320  -0.00008904  -0.00001749  -0.00000672
35.750   0.09434024   0.02549552   0.00020320  -0.00008904  -0.00001749  -0.00000672
36.000   0.09434024   0.02549552   0.00020320  -0.00008904  -0.00001749  -0.00000672
36.250   0.09434024   0.02549552   0.00020320  -0.00008904  -0.00001749  -0.00000672
36.500   0.09434024   0.02549552   0.00020320  -0.00008904  -0.00001749  -0.00000672
36.750   0.09434024   0.02549552   0.00020320  -0.00008904  -0.00001749  -0.00000672
37.000   0.09434024   0.02549552   0.00020320  -0.00008904  -0.00001749  -0.00000672
37.250   0.09434024   0.02549552   0.00020320  -0.00008904  -0.00001749  -0.00000672
37.500   0.09434024   0.02549552   0.00020320  -0.00008904  -0.00001749  -0.00000672
37.750   0.09434024   0.02549552   0.00020320  -0.00008904  -0.00001749  -0.00000672
38.000   0.09434024   0.02549552   0.00020320  -0.00008904  -0.00001749  -0.00000672
38.250   0.09434024   0.02549552   0.00020320  -0.00008904  -0.00001749  -0.00000672
38.500   0.09434024   0.02549552   0.00020320  -0.00008904  -0.00001749  -0.00000672
38.750   0.09434024   0.02549552   0.00020320  -0.00008904  -0.00001749  -0.00000672
39.000   0.09434024   0.02549552   0.00020320  -0.00008904  -0.00001749  -0.00000672
39.250   0.09434024   0.02549552   0.00020320  -0.00008904  -0.00001749  -0.00000672
39.500   0.09434024   0.02549552   0.00020320  -0.00008904  -0.00001749  -0.00000672
39.750   0.09434024   0.02549552   0.00020320  -0.00008904  -0.00001749  -0.00000672
40.000   0.09434024   0.02549552   0.00020320  -0.00008904  -0.00001749  -0.00000672
40.250   0.09434024   0.02549552   0.00020320  -0.00008904  -0.00001749  -0.00000672
40.500   0.09434024   0.02549552   0.00020320  -0.00008904  -0.00001749  -0.00000672
40.750   0.09434024   0.02549552   0.00020320  -0.00008904  -0.00001749  -0.00000672
41.000   0.09434024   0.02549552   0.00020320  -0.00008904  -0.00001749  -0.00000672
41.250   0.09434024   0.02549552   0.00020320  -0.00008904  -0.00001749  -0.00000672
41.500   0.09434024   0.02549552   0.00020320  -0.00008904  -0.00001749  -0.00000672
41.750   0.09434024   0.02549552   0.00020320  -0.00008904  -0.00001749  -0.00000672
42.000   0.09434024   0.02549552   0.00020320  -0.00008904  -0.00001749  -0.00000672
42.250   0.09434024   0.02549552   0.00020320  -0.00008904  -0.00001749  -0.00000672
42.500   0.09434024   0.02549552   0.00020320  -0.00008904  -0.00001749  -0.00000672
42.750   0.09434024   0.02549552   0.00020320  -0.00008904  -0.00001749  -0.00000672
43.000   0.09434024   0.02549552   0.00020320  -0.00008904  -0.00001749  -0.00000672
43.250   0.09434024   0.02549552   0.00020320  -0.00008904  -0.00001749  -0.00000672
43.500   0.09434024   0.02549552   0.00020320  -0.00008904  -0.00001749  -0.00000672
43.750   0.09434024   0.02549552   0.00020320  -0.00008904  -0.00001749  -0.00000672
44.000   0.09434024   0.02549552   0.00020320  -0.00008904  -0.00001749  -0.00000672
44.250   0.09434024   0.02549552   0.00020320  -0.00008904  -0.00001749  -0.00000672
44.500   0.09434024   0.02549552   0.00020320  -0.00008904  -0.00001749  -0.00000672
44.750   0.09434024   0.02549552   0.00020320  -0.00008904  -0.00001749  -0.00000672
45.000   0.09434024   0.02549552   0.00020320  -0.00008904  -0.00001749  -0.00000672
45.250   0.09434024   0.02549552   0.00020320  -0.00008904  -0.00001749  -0.00000672
45.500   0.09434024   0.02549552   0.00020320  -0.00008904  -0.00001749  -0.00000672
45.750   0.09434024   0.02549552   0.00020320  -0.00008904  -0.00001749  -0.00000672
46.000   0.09434024   0.02549552   0.00020320  -0.00008904  -0.00001749  -0.00000672
46.250   0.09434024   0.02549552   0.00020320  -0.00008904  -0.00001749  -0.00000672
46.500   0.09434024   0.02549552   0.00020320  -0.00008904  -0.00001749  -0.00000672
46.750   0.09434024   0.02549552   0.00020320  -0.00008904  -0.00001749  -0.00000672
47.000   0.09434024   0.02549552   0.00020320  -0.00008904  -0.00001749  -0.00000672
47.250   0.09434024   0.02549552   0.00020320  -0.00008904  -0.00001749  -0.00000672
47.500   0.09434024   0.02549552   0.00020320  -0.00008904  -0.00001749  -0.00000672
47.750   0.09434024   0.02549552   0.00020320  -0.00008904  -0.00001749  -0.00000672
48.000   0.09434024   0.02549552   0.00020320  -0.00008904  -0.00001749  -0.00000672
48.250   0.09434024   0.02549552   0.00020320  -0.00008904  -0.00001749  -0.00000672
48.500   0.09434024   0.02549552   0.00020320  -0.00008904  -0.00001749  -0.00000672
48.750   0.09434024   0.02549552   0.00020320  -0.00008904  -0.00001749  -0.00000672
49.000   0.09434024   0.02549552   0.00020320  -0.00008904  -0.00001749  -0.00000672
49.250   0.09434024   0.02549552   0.00020320  -0.00008904  -0.00001749  -0.00000672
49.500   0.09434024   0.02549552   0.00020320  -0.00008904  -0.00001749  -0.00000672
49.750   0.09434024   0.02549552   0.00020320  -0.00008904  -0.00001749  -0.00000672
50.000   0.09434024   0.02549552   0.00020320  -0.00008904  -0.00001749  -0.00000672
