     x            5           10           50          100          500         1000
 0.000          NaN          NaN          NaN          NaN          NaN          NaN
 0.750   0.08966003   0.06964270   0.02417610   0.01298230   0.00266633   0.00133333
 1.500   0.06964270   0.04783052   0.01298230   0.00663746   0.00133333   0.00066667
 2.250   0.05677980   0.03622085   0.00880044   0.00443953   0.00088889   0.00044444
 3.000   0.04783052   0.02904062   0.00663746   0.00333218   0.00066667   0.00033333
 3.750   0.04125316   0.02417610   0.00532199   0.00266633   0.00053333   0.00026667
 4.500   0.03622085   0.02067119   0.00443953   0.00222211   0.00044444   0.00022222
 5.250   0.03225039   0.01803095   0.00380721   0.00190472   0.00038095   0.00019048
 6.000   0.02904062   0.01597376   0.00333218   0.00166665   0.00033333   0.00016667
 6.750   0.02639411   0.01432778   0.00296236   0.00148147   0.00029630   0.00014815
 7.500   0.02417610   0.01298230   0.00266633   0.00133333   0.00026667   0.00013333
 8.250   0.02229147   0.01186287   0.00242405   0.00121212   0.00024242   0.00012121
 9.000   0.02067119   0.01091760   0.00222211   0.00111111   0.00022222   0.00011111
 9.750   0.01926399   0.01010923   0.00205122   0.00102564   0.00020513   0.00010256
10.500   0.01803095   0.00941038   0.00190472   0.00095238   0.00019048   0.00009524
11.250   0.01694205   0.00880044   0.00177775   0.00088889   0.00017778   0.00008889
12.000   0.01597376   0.00826365   0.00166665   0.00083333   0.00016667   0.00008333
12.750   0.01510735   0.00778773   0.00156862   0.00078431   0.00015686   0.00007843
13.500   0.01432778   0.00736298   0.00148147   0.00074074   0.00014815   0.00007407
14.250   0.01362278   0.00698165   0.00140350   0.00070175   0.00014035   0.00007018
15.000   0.01298230   0.00663746   0.00133333   0.00066667   0.00013333   0.00006667
15.750   0.01239799   0.00632530   0.00126984   0.00063492   0.00012698   0.00006349
16.500   0.01186287   0.00604092   0.00121212   0.00060606   0.00012121   0.00006061
17.250   0.01137107   0.00578080   0.00115942   0.00057971   0.00011594   0.00005797
18.000   0.01091760   0.00554199   0.00111111   0.00055556   0.00011111   0.00005556
18.750   0.01049820   0.00532199   0.00106667   0.00053333   0.00010667   0.00005333
19.500   0.01010923   0.00511868   0.00102564   0.00051282   0.00010256   0.00005128
20.250   0.00974754   0.00493024   0.00098765   0.00049383   0.00009877   0.00004938
21.000   0.00941038   0.00475511   0.00095238   0.00047619   0.00009524   0.00004762
21.750   0.00909538   0.00459193   0.00091954   0.00045977   0.00009195   0.00004598
22.500   0.00880044   0.00443953   0.00088889   0.00044444   0.00008889   0.00004444
23.250   0.00852374   0.00429687   0.00086021   0.00043011   0.00008602   0.00004301
24.000   0.00826365   0.00416306   0.00083333   0.00041667   0.00008333   0.00004167
24.750   0.00801874   0.00403730   0.00080808   0.00040404   0.00008081   0.00004040
25.500   0.00778773   0.00391890   0.00078431   0.00039216   0.00007843   0.00003922
26.250   0.00756948   0.00380721   0.00076190   0.00038095   0.00007619   0.00003810
27.000   0.00736298   0.00370170   0.00074074   0.00037037   0.00007407   0.00003704
27.750   0.00716731   0.00360186   0.00072072   0.00036036   0.00007207   0.00003604
28.500   0.00698165   0.00350726   0.00070175   0.00035088   0.00007018   0.00003509
29.250   0.00680526   0.00341748   0.00068376   0.00034188   0.00006838   0.00003419
30.000   0.00663746   0.00333218   0.00066667   0.00033333   0.00006667   0.00003333
30.750   0.00647766   0.00325102   0.00065041   0.00032520   0.00006504   0.00003252
31.500   0.00632530   0.00317371   0.00063492   0.00031746   0.00006349   0.00003175
32.250   0.00617987   0.00309999   0.00062016   0.00031008   0.00006202   0.00003101
33.000   0.00604092   0.00302961   0.00060606   0.00030303   0.00006061   0.00003030
33.750   0.00590802   0.00296236   0.00059259   0.00029630   0.00005926   0.00002963
34.500   0.00578080   0.00289801   0.00057971   0.00028986   0.00005797   0.00002899
35.250   0.00565890   0.00283640   0.00056738   0.00028369   0.00005674   0.00002837
36.000   0.00554199   0.00277736   0.00055556   0.00027778   0.00005556   0.00002778
36.750   0.00542978   0.00272071   0.00054422   0.00027211   0.00005442   0.00002721
37.500   0.00532199   0.00266633   0.00053333   0.00026667   0.00005333   0.00002667
38.250   0.00521837   0.00261408   0.00052288   0.00026144   0.00005229   0.00002614
39.000   0.00511868   0.00256384   0.00051282   0.00025641   0.00005128   0.00002564
39.750   0.00502271   0.00251549   0.00050314   0.00025157   0.00005031   0.00002516
40.500   0.00493024   0.00246893   0.00049383   0.00024691   0.00004938   0.00002469
41.250   0.00484110   0.00242405   0.00048485   0.00024242   0.00004848   0.00002424
42.000   0.00475511   0.00238078   0.00047619   0.00023810   0.00004762   0.00002381
42.750   0.00467211   0.00233903   0.00046784   0.00023392   0.00004678   0.00002339
43.500   0.00459193   0.00229871   0.00045977   0.00022989   0.00004598   0.00002299
44.250   0.00451445   0.00225976   0.00045198   0.00022599   0.00004520   0.00002260
45.000   0.00443953   0.00222211   0.00044444   0.00022222   0.00004444   0.00002222
45.750   0.00436704   0.00218569   0.00043716   0.00021858   0.00004372   0.00002186
46.500   0.00429687   0.00215045   0.00043011   0.00021505   0.00004301   0.00002151
47.250   0.00422891   0.00211632   0.00042328   0.00021164   0.00004233   0.00002116
48.000   0.00416306   0.00208326   0.00041667   0.00020833   0.00004167   0.00002083
48.750   0.00409922   0.00205122   0.00041026   0.00020513   0.00004103   0.00002051
49.500   0.00403730   0.00202014   0.00040404   0.00020202   0.00004040   0.00002020
50.250   0.00397722   0.00199000   0.00039801   0.00019900   0.00003980   0.00001990
51.000   0.00391890   0.00196074   0.00039216   0.00019608   0.00003922   0.00001961
51.750   0.00386225   0.00193232   0.00038647   0.00019324   0.00003865   0.00001932
52.500   0.00380721   0.00190472   0.00038095   0.00019048   0.00003810   0.00001905
53.250   0.00375372   0.00187790   0.00037559   0.00018779   0.00003756   0.00001878
54.000   0.00370170   0.00185182   0.00037037   0.00018519   0.00003704   0.00001852
54.750   0.00365110   0.00182645   0.00036530   0.00018265   0.00003653   0.00001826
55.500   0.00360186   0.00180177   0.00036036   0.00018018   0.00003604   0.00001802
56.250   0.00355393   0.00177775   0.00035556   0.00017778   0.00003556   0.00001778
57.000   0.00350726   0.00175436   0.00035088   0.00017544   0.00003509   0.00001754
57.750   0.00346179   0.00173158   0.00034632   0.00017316   0.00003463   0.00001732
58.500   0.00341748   0.00170938   0.00034188   0.00017094   0.00003419   0.00001709
59.250   0.00337429   0.00168775   0.00033755   0.00016878   0.00003376   0.00001688
60.000   0.00333218   0.00166665   0.00033333   0.00016667   0.00003333   0.00001667
60.750   0.00329110   0.00164608   0.00032922   0.00016461   0.00003292   0.00001646
61.500   0.00325102   0.00162600   0.00032520   0.00016260   0.00003252   0.00001626
62.250   0.00321190   0.00160641   0.00032129   0.00016064   0.00003213   0.00001606
63.000   0.00317371   0.00158729   0.00031746   0.00015873   0.00003175   0.00001587
63.750   0.00313642   0.00156862   0.00031373   0.00015686   0.00003137   0.00001569
64.500   0.00309999   0.00155038   0.00031008   0.00015504   0.00003101   0.00001550
65.250   0.00306440   0.00153256   0.00030651   0.00015326   0.00003065   0.00001533
66.000   0.00302961   0.00151514   0.00030303   0.00015152   0.00003030   0.00001515
66.750   0.00299561   0.00149812   0.00029963   0.00014981   0.00002996   0.00001498
67.500   0.00296236   0.00148147   0.00029630   0.00014815   0.00002963   0.00001481
68.250   0.00292983   0.00146520   0.00029304   0.00014652   0.00002930   0.00001465
69.000   0.00289801   0.00144927   0.00028986   0.00014493   0.00002899   0.00001449
69.750   0.00286688   0.00143369   0.00028674   0.00014337   0.00002867   0.00001434
70.500   0.00283640   0.00141843   0.00028369   0.00014184   0.00002837   0.00001418
71.250   0.00280657   0.00140350   0.00028070   0.00014035   0.00002807   0.00001404
72.000   0.00277736   0.00138888   0.00027778   0.00013889   0.00002778   0.00001389
72.750   0.00274874   0.00137457   0.00027491   0.00013746   0.00002749   0.00001375
73.500   0.00272071   0.00136054   0.00027211   0.00013605   0.00002721   0.00001361
74.250   0.00269325   0.00134680   0.00026936   0.00013468   0.00002694   0.00001347
75.000   0.00266633   0.00133333   0.00026667   0.00013333   0.00002667   0.00001333
