     x            5           10           50          100          500         1000
 0.000          NaN          NaN          NaN          NaN          NaN          NaN
 0.750   0.24388334   0.07901698   0.00224675   0.00018115  -0.00002308  -0.00000899
 1.500   0.07852209   0.02040956   0.00007788  -0.00009770  -0.00001661  -0.00000638
 2.250   0.03641348   0.00785675  -0.00014298  -0.00009954  -0.00001361  -0.00000522
 3.000   0.01974959   0.00349233  -0.00017351  -0.00008971  -0.00001181  -0.00000453
 3.750   0.01164779   0.00159033  -0.00017109  -0.00008122  -0.00001059  -0.00000406
 4.500   0.00719503   0.00064493  -0.00016234  -0.00007456  -0.00000968  -0.00000371
 5.250   0.00453867   0.00013370  -0.00015309  -0.00006928  -0.00000898  -0.00000344
 6.000   0.00285816  -0.00015869  -0.00014466  -0.00006499  -0.00000841  -0.00000322
 6.750   0.00174730  -0.00033214  -0.00013725  -0.00006143  -0.00000794  -0.00000304
 7.500   0.00098774  -0.00043720  -0.00013079  -0.00005841  -0.00000755  -0.00000289
 8.250   0.00045445  -0.00050122  -0.00012514  -0.00005581  -0.00000721  -0.00000276
 9.000   0.00007208  -0.00053978  -0.00012016  -0.00005355  -0.00000691  -0.00000264
 9.750  -0.00020667  -0.00056214  -0.00011575  -0.00005155  -0.00000665  -0.00000254
10.500  -0.00041253  -0.00057399  -0.00011180  -0.00004977  -0.00000641  -0.00000245
11.250  -0.00056607  -0.00057894  -0.00010825  -0.00004817  -0.00000620  -0.00000237
12.000  -0.00068139  -0.00057932  -0.00010503  -0.00004672  -0.00000601  -0.00000230
12.750  -0.00076837  -0.00057667  -0.00010210  -0.00004540  -0.00000584  -0.00000223
13.500  -0.00083406  -0.00057202  -0.00009941  -0.00004420  -0.00000568  -0.00000217
14.250  -0.00088359  -0.00056607  -0.00009694  -0.00004309  -0.00000553  -0.00000211
15.000  -0.00092073  -0.00055930  -0.00009466  -0.00004207  -0.00000540  -0.00000206
15.750  -0.00094828  -0.00055205  -0.00009254  -0.00004112  -0.00000528  -0.00000201
16.500  -0.00096837  -0.00054454  -0.00009057  -0.00004023  -0.00000516  -0.00000197
17.250  -0.00098262  -0.00053694  -0.00008873  -0.00003941  -0.00000505  -0.00000193
18.000  -0.00099227  -0.00052935  -0.00008700  -0.00003863  -0.00000495  -0.00000189
18.750  -0.00099829  -0.00052186  -0.00008538  -0.00003791  -0.00000485  -0.00000185
19.500  -0.00100143  -0.00051451  -0.00008386  -0.00003722  -0.00000476  -0.00000181
20.250  -0.00100230  -0.00050734  -0.00008242  -0.00003658  -0.00000468  -0.00000178
21.000  -0.00100135  -0.00050036  -0.00008106  -0.00003597  -0.00000460  -0.00000175
21.750  -0.00099897  -0.00049359  -0.00007977  -0.00003539  -0.00000452  -0.00000172
22.500  -0.00099545  -0.00048704  -0.00007854  -0.00003484  -0.00000445  -0.00000169
23.250  -0.00099103  -0.00048070  -0.00007738  -0.00003432  -0.00000438  -0.00000167
24.000  -0.00098591  -0.00047458  -0.00007627  -0.00003382  -0.00000432  -0.00000164
24.750  -0.00098025  -0.00046867  -0.00007521  -0.00003335  -0.00000425  -0.00000162
25.500  -0.00097417  -0.00046297  -0.00007420  -0.00003289  -0.00000419  -0.00000160
26.250  -0.00096777  -0.00045746  -0.00007323  -0.00003246  -0.00000414  -0.00000157
27.000  -0.00096114  -0.00045215  -0.00007231  -0.00003205  -0.00000408  -0.00000155
27.750  -0.00095435  -0.00044702  -0.00007142  -0.00003165  -0.00000403  -0.00000153
28.500  -0.00094745  -0.00044206  -0.00007057  -0.00003127  -0.00000398  -0.00000151
29.250  -0.00094049  -0.00043728  -0.00006975  -0.00003090  -0.00000393  -0.00000149
30.000  -0.00093351  -0.00043265  -0.00006896  -0.00003054  -0.00000388  -0.00000148
30.750  -0.00092653  -0.00042818  -0.00006820  -0.00003020  -0.00000384  -0.00000146
31.500  -0.00091958  -0.00042386  -0.00006747  -0.00002988  -0.00000380  -0.00000144
32.250  -0.00091269  -0.00041968  -0.00006677  -0.00002956  -0.00000375  -0.00000143
33.000  -0.00090585  -0.00041563  -0.00006609  -0.00002925  -0.00000371  -0.00000141
33.750  -0.00089910  -0.00041171  -0.00006543  -0.00002896  -0.00000367  -0.00000139
34.500  -0.00089243  -0.00040791  -0.00006479  -0.00002867  -0.00000364  -0.00000138
35.250  -0.00088586  -0.00040422  -0.00006418  -0.00002840  -0.00000360  -0.00000137
36.000  -0.00087940  -0.00040065  -0.00006358  -0.00002813  -0.00000357  -0.00000135
36.750  -0.00087303  -0.00039719  -0.00006300  -0.00002787  -0.00000353  -0.00000134
37.500  -0.00086678  -0.00039382  -0.00006244  -0.00002762  -0.00000350  -0.00000133
38.250  -0.00086064  -0.00039055  -0.00006190  -0.00002737  -0.00000347  -0.00000131
39.000  -0.00085461  -0.00038738  -0.00006137  -0.00002714  -0.00000343  -0.00000130
39.750  -0.00084869  -0.00038429  -0.00006086  -0.00002691  -0.00000340  -0.00000129
40.500  -0.00084288  -0.00038129  -0.00006036  -0.00002668  -0.00000337  -0.00000128
41.250  -0.00083719  -0.00037837  -0.00005988  -0.00002647  -0.00000335  -0.00000127
42.000  -0.00083161  -0.00037553  -0.00005941  -0.00002626  -0.00000332  -0.00000126
42.750  -0.00082614  -0.00037276  -0.00005895  -0.00002605  -0.00000329  -0.00000125
43.500  -0.00082077  -0.00037007  -0.00005851  -0.00002585  -0.00000326  -0.00000124
44.250  -0.00081552  -0.00036744  -0.00005807  -0.00002565  -0.00000324  -0.00000123
45.000  -0.00081036  -0.00036488  -0.00005765  -0.00002546  -0.00000321  -0.00000122
45.750  -0.00080531  -0.00036238  -0.00005723  -0.00002528  -0.00000319  -0.00000121
46.500  -0.00080037  -0.00035994  -0.00005683  -0.00002510  -0.00000316  -0.00000120
47.250  -0.00079552  -0.00035757  -0.00005644  -0.00002492  -0.00000314  -0.00000119
48.000  -0.00079076  -0.00035524  -0.00005606  -0.00002475  -0.00000312  -0.00000118
48.750  -0.00078610  -0.00035298  -0.00005568  -0.00002458  -0.00000310  -0.00000117
49.500  -0.00078154  -0.00035076  -0.00005532  -0.00002442  -0.00000307  -0.00000116
50.250  -0.00077706  -0.00034860  -0.00005496  -0.00002425  -0.00000305  -0.00000116
51.000  -0.00077267  -0.00034648  -0.00005461  -0.00002410  -0.00000303  -0.00000115
51.750  -0.00076837  -0.00034441  -0.00005427  -0.00002394  -0.00000301  -0.00000114
52.500  -0.00076415  -0.00034239  -0.00005393  -0.00002379  -0.00000299  -0.00000113
53.250  -0.00076001  -0.00034041  -0.00005360  -0.00002365  -0.00000297  -0.00000112
54.000  -0.00075595  -0.00033847  -0.00005328  -0.00002350  -0.00000295  -0.00000112
54.750  -0.00075197  -0.00033657  -0.00005297  -0.00002336  -0.00000293  -0.00000111
55.500  -0.00074806  -0.00033472  -0.00005266  -0.00002322  -0.00000292  -0.00000110
56.250  -0.00074423  -0.00033290  -0.00005236  -0.00002309  -0.00000290  -0.00000110
57.000  -0.00074047  -0.00033111  -0.00005207  -0.00002296  -0.00000288  -0.00000109
57.750  -0.00073678  -0.00032937  -0.00005178  -0.00002283  -0.00000286  -0.00000108
58.500  -0.00073315  -0.00032765  -0.00005150  -0.00002270  -0.00000285  -0.00000108
59.250  -0.00072959  -0.00032597  -0.00005122  -0.00002257  -0.00000283  -0.00000107
60.000  -0.00072610  -0.00032433  -0.00005095  -0.00002245  -0.00000281  -0.00000106
60.750  -0.00072267  -0.00032271  -0.00005068  -0.00002233  -0.00000280  -0.00000106
61.500  -0.00071930  -0.00032113  -0.00005042  -0.00002221  -0.00000278  -0.00000105
62.250  -0.00071598  -0.00031957  -0.00005016  -0.00002210  -0.00000277  -0.00000104
63.000  -0.00071273  -0.00031804  -0.00004991  -0.00002198  -0.00000275  -0.00000104
63.750  -0.00070954  -0.00031655  -0.00004966  -0.00002187  -0.00000274  -0.00000103
64.500  -0.00070639  -0.00031507  -0.00004942  -0.00002176  -0.00000272  -0.00000103
65.250  -0.00070331  -0.00031363  -0.00004918  -0.00002165  -0.00000271  -0.00000102
66.000  -0.00070027  -0.00031221  -0.00004894  -0.00002155  -0.00000269  -0.00000102
66.750  -0.00069729  -0.00031081  -0.00004871  -0.00002144  -0.00000268  -0.00000101
67.500  -0.00069435  -0.00030944  -0.00004848  -0.00002134  -0.00000267  -0.00000101
68.250  -0.00069147  -0.00030809  -0.00004826  -0.00002124  -0.00000265  -0.00000100
69.000  -0.00068863  -0.00030677  -0.00004804  -0.00002114  -0.00000264  -0.00000100
69.750  -0.00068583  -0.00030547  -0.00004782  -0.00002104  -0.00000263  -0.00000099
70.500  -0.00068309  -0.00030419  -0.00004761  -0.00002095  -0.00000261  -0.00000099
71.250  -0.00068038  -0.00030292  -0.00004740  -0.00002085  -0.00000260  -0.00000098
72.000  -0.00067772  -0.00030169  -0.00004720  -0.00002076  -0.00000259  -0.00000098
72.750  -0.00067511  -0.00030047  -0.00004699  -0.00002067  -0.00000258  -0.00000097
73.500  -0.00067253  -0.00029927  -0.00004679  -0.00002058  -0.00000257  -0.00000097
74.250  -0.00066999  -0.00029808  -0.00004660  -0.00002049  -0.00000255  -0.00000096
75.000  -0.00066749  -0.00029692  -0.00004641  -0.00002040  -0.00000254  -0.00000096
