     x        0.001         0.01          0.1            1           10          100
 0.000 298.00000000 298.00000000 298.00000000 298.00000000 298.00000000 298.00000000
 0.005 298.09167643 298.66911119 302.21634040 316.16419535 329.63822967 331.57417808
 0.010 298.17762209 299.29639568 306.16911382 333.19293156 359.29872696 363.04960603
 0.015 298.25819521 299.88446806 309.87479585 349.15718632 387.10512019 392.55747699
 0.020 298.33373163 300.43577947 313.34883221 364.12350048 413.17330958 420.22078313
 0.025 298.40454619 300.95262786 316.60570307 378.15425532 437.61195031 446.15482825
 0.030 298.47093406 301.43716750 319.65898344 391.30793264 460.52290539 470.46770840
 0.035 298.53317195 301.89141801 322.52139974 403.63935844 482.00167029 493.26076242
 0.040 298.59151926 302.31727276 325.20488285 415.19993151 502.13777096 514.62899436
 0.045 298.64621921 302.71650676 327.72061782 426.03783765 521.01513693 534.66146943
 0.050 298.69749979 303.09078405 330.07909053 436.19825046 538.71245123 553.44168527
 0.055 298.74557473 303.44166468 332.29013136 445.72351971 555.30347826 571.04791995
 0.060 298.79064443 303.77061115 334.36295618 454.65334779 570.85737132 587.55355825
 0.065 298.83289673 304.07899454 336.30620476 463.02495526 585.43896079 603.02739755
 0.070 298.87250776 304.36810025 338.12797678 470.87323591 599.10902440 617.53393457
 0.075 298.90964260 304.63913328 339.83586559 478.23090228 611.92454052 631.13363421
 0.080 298.94445605 304.89322333 341.43698987 485.12862196 623.93892569 643.88318156
 0.085 298.97709322 305.13142949 342.93802328 491.59514541 635.20225722 655.83571819
 0.090 299.00769013 305.35474462 344.34522230 497.65742586 645.76148197 667.04106361
 0.095 299.03637431 305.56409953 345.66445231 503.34073157 655.66061197 677.54592299
 0.100 299.06326534 305.76036683 346.90121199 508.66875120 664.94090794 687.39408177
 0.105 299.08847529 305.94436459 348.06065630 513.66369255 673.64105119 696.62658821
 0.110 299.11210923 306.11685972 349.14761795 518.34637510 681.79730491 705.28192442
 0.115 299.13426569 306.27857121 350.16662750 522.73631680 689.44366530 713.39616685
 0.120 299.15503700 306.43017309 351.12193231 526.85181543 696.61200325 721.00313656
 0.125 299.17450976 306.57229726 352.01751419 530.71002486 703.33219722 728.13454029
 0.130 299.19276511 306.70553610 352.85710604 534.32702654 709.63225772 734.82010252
 0.135 299.20987915 306.83044497 353.64420736 537.71789654 715.53844414 741.08768944
 0.140 299.22592322 306.94754450 354.38209889 540.89676839 721.07537412 746.96342507
 0.145 299.24096419 307.05732277 355.07385623 543.87689200 726.26612623 752.47180014
 0.150 299.25506475 307.16023736 355.72236272 546.67068886 731.13233610 757.63577419
 0.155 299.26828368 307.25671723 356.33032141 549.28980383 735.69428665 762.47687123
 0.160 299.28067606 307.34716451 356.90026632 551.74515368 739.97099260 767.01526952
 0.165 299.29229356 307.43195620 357.43457306 554.04697259 743.98027977 771.26988562
 0.170 299.30318460 307.51144572 357.93546869 556.20485480 747.73885930 775.25845325
 0.175 299.31339457 307.58596439 358.40504098 558.22779461 751.26239739 778.99759720
 0.180 299.32296603 307.65582281 358.84524717 560.12422385 754.56558054 782.50290267
 0.185 299.33193887 307.72131216 359.25792209 561.90204707 757.66217680 785.78898016
 0.190 299.34035050 307.78270541 359.64478582 563.56867444 760.56509313 788.86952641
 0.195 299.34823597 307.84025846 360.00745084 565.13105264 763.28642922 791.75738149
 0.200 299.35562816 307.89421118 360.34742879 566.59569384 765.83752790 794.46458232
 0.205 299.36255787 307.94478847 360.66613673 567.96870284 768.22902244 797.00241280
 0.210 299.36905398 307.99220113 360.96490308 569.25580249 770.47088087 799.38145091
 0.215 299.37514358 308.03664678 361.24497312 570.46235758 772.57244750 801.61161275
 0.220 299.38085205 308.07831068 361.50751422 571.59339715 774.54248191 803.70219388
 0.225 299.38620317 308.11736649 361.75362068 572.65363552 776.38919541 805.66190809
 0.230 299.39121926 308.15397700 361.98431830 573.64749187 778.12028533 807.49892368
 0.235 299.39592122 308.18829480 362.20056866 574.57910871 779.74296705 809.22089755
 0.240 299.40032865 308.22046293 362.40327311 575.45236913 781.26400407 810.83500708
 0.245 299.40445992 308.25061549 362.59327654 576.27091297 782.68973627 812.34798006
 0.250 299.40833224 308.27887813 362.77137092 577.03815202 784.02610624 813.76612273
 0.255 299.41196177 308.30536868 362.93829855 577.75728422 785.27868415 815.09534608
 0.260 299.41536363 308.33019753 363.09475522 578.43130700 786.45269086 816.34119046
 0.265 299.41855200 308.35346819 363.24139305 579.06302974 787.55301978 817.50884868
 0.270 299.42154016 308.37527764 363.37882324 579.65508556 788.58425720 818.60318769
 0.275 299.42434057 308.39571680 363.50761862 580.20994221 789.55070143 819.62876880
 0.280 299.42696491 308.41487084 363.62831603 580.72991238 790.45638074 820.58986677
 0.285 299.42942411 308.43281962 363.74141853 581.21716338 791.30507008 821.49048754
 0.290 299.43172843 308.44963794 363.84739757 581.67372612 792.10030689 822.33438503
 0.295 299.43388746 308.46539590 363.94669487 582.10150360 792.84540581 823.12507668
 0.300 299.43591022 308.48015919 364.03972431 582.50227887 793.54347250 823.86585818
 0.305 299.43780511 308.49398933 364.12687365 582.87772238 794.19741658 824.55981721
 0.310 299.43958006 308.50694398 364.20850614 583.22939903 794.80996377 825.20984625
 0.315 299.44124245 308.51907713 364.28496203 583.55877465 795.38366722 825.81865471
 0.320 299.44279921 308.53043936 364.35656000 583.86722211 795.92091820 826.38878016
 0.325 299.44425684 308.54107801 364.42359848 584.15602707 796.42395603 826.92259896
 0.330 299.44562140 308.55103744 364.48635688 584.42639328 796.89487743 827.42233612
 0.335 299.44689859 308.56035916 364.54509681 584.67944767 797.33564526 827.89007460
 0.340 299.44809373 308.56908202 364.60006308 584.91624500 797.74809668 828.32776400
 0.345 299.44921180 308.57724238 364.65148481 585.13777226 798.13395085 828.73722864
 0.350 299.45025746 308.58487426 364.69957633 585.34495281 798.49481603 829.12017523
 0.355 299.45123507 308.59200945 364.74453809 585.53865020 798.83219637 829.47819992
 0.360 299.45214870 308.59867771 364.78655749 585.71967177 799.14749810 829.81279502
 0.365 299.45300217 308.60490683 364.82580967 585.88877206 799.44203544 830.12535514
 0.370 299.45379902 308.61072277 364.86245825 586.04665588 799.71703604 830.41718307
 0.375 299.45454259 308.61614977 364.89665598 586.19398132 799.97364615 830.68949519
 0.380 299.45523597 308.62121045 364.92854539 586.33136245 800.21293533 830.94342653
 0.385 299.45588204 308.62592591 364.95825942 586.45937188 800.43590099 831.18003549
 0.390 299.45648351 308.63031580 364.98592190 586.57854317 800.64347246 831.40030829
 0.395 299.45704288 308.63439842 365.01164814 586.68937304 800.83651493 831.60516306
 0.400 299.45756248 308.63819079 365.03554537 586.79232345 801.01583301 831.79545364
 0.405 299.45804448 308.64170871 365.05771320 586.88782351 801.18217413 831.97197320
 0.410 299.45849088 308.64496684 365.07824402 586.97627126 801.33623162 832.13545749
 0.415 299.45890355 308.64797877 365.09722341 587.05803537 801.47864760 832.28658793
 0.420 299.45928421 308.65075705 365.11473047 587.13345664 801.61001568 832.42599444
 0.425 299.45963444 308.65331326 365.13083819 587.20284943 801.73088341 832.55425809
 0.430 299.45995571 308.65565805 365.14561368 587.26650299 801.84175460 832.67191350
 0.435 299.46024935 308.65780121 365.15911856 587.32468262 801.94309135 832.77945107
 0.440 299.46051658 308.65975165 365.17140909 587.37763083 802.03531606 832.87731903
 0.445 299.46075853 308.66151752 365.18253652 587.42556831 802.11881313 832.96592530
 0.450 299.46097619 308.66310616 365.19254722 587.46869488 802.19393058 833.04563919
 0.455 299.46117048 308.66452421 365.20148291 587.50719027 802.26098151 833.11679298
 0.460 299.46134221 308.66577757 365.20938085 587.54121496 802.32024540 833.17968324
 0.465 299.46149209 308.66687147 365.21627394 587.57091075 802.37196926 833.23457209
 0.470 299.46162074 308.66781046 365.22219094 587.59640143 802.41636869 833.28168833
 0.475 299.46172871 308.66859847 365.22715648 587.61779324 802.45362875 833.32122834
 0.480 299.46181643 308.66923877 365.23119128 587.63517534 802.48390474 833.35335692
 0.485 299.46188429 308.66973404 365.23431215 587.64862019 802.50732286 833.37820800
 0.490 299.46193256 308.67008633 365.23653209 587.65818383 802.52398071 833.39588514
 0.495 299.46196144 308.67029712 365.23786037 587.66390611 802.53394773 833.40646205
 0.500 299.46197106 308.67036729 365.23830252 587.66581089 802.53726546 833.40998279
 0.505 299.46196144 308.67029712 365.23786037 587.66390611 802.53394773 833.40646205
 0.510 299.46193256 308.67008633 365.23653209 587.65818383 802.52398071 833.39588514
 0.515 299.46188429 308.66973404 365.23431215 587.64862019 802.50732286 833.37820800
 0.520 299.46181643 308.66923877 365.23119128 587.63517534 802.48390474 833.35335692
 0.525 299.46172871 308.66859847 365.22715648 587.61779324 802.45362875 833.32122834
 0.530 299.46162074 308.66781046 365.22219094 587.59640143 802.41636869 833.28168833
 0.535 299.46149209 308.66687147 365.21627394 587.57091075 802.37196926 833.23457209
 0.540 299.46134221 308.66577757 365.20938085 587.54121496 802.32024540 833.17968324
 0.545 299.46117048 308.66452421 365.20148291 587.50719027 802.26098151 833.11679298
 0.550 299.46097619 308.66310616 365.19254722 587.46869488 802.19393058 833.04563919
 0.555 299.46075853 308.66151752 365.18253652 587.42556831 802.11881313 832.96592530
 0.560 299.46051658 308.65975165 365.17140909 587.37763083 802.03531606 832.87731903
 0.565 299.46024935 308.65780121 365.15911856 587.32468262 801.94309135 832.77945107
 0.570 299.45995571 308.65565805 365.14561368 587.26650299 801.84175460 832.67191350
 0.575 299.45963444 308.65331326 365.13083819 587.20284943 801.73088341 832.55425809
 0.580 299.45928421 308.65075705 365.11473047 587.13345664 801.61001568 832.42599444
 0.585 299.45890355 308.64797877 365.09722341 587.05803537 801.47864760 832.28658793
 0.590 299.45849088 308.64496684 365.07824402 586.97627126 801.33623162 832.13545749
 0.595 299.45804448 308.64170871 365.05771320 586.88782351 801.18217413 831.97197320
 0.600 299.45756248 308.63819079 365.03554537 586.79232345 801.01583301 831.79545364
 0.605 299.45704288 308.63439842 365.01164814 586.68937304 800.83651493 831.60516306
 0.610 299.45648351 308.63031580 364.98592190 586.57854317 800.64347246 831.40030829
 0.615 299.45588204 308.62592591 364.95825942 586.45937188 800.43590099 831.18003549
 0.620 299.45523597 308.62121045 364.92854539 586.33136245 800.21293533 830.94342653
 0.625 299.45454259 308.61614977 364.89665598 586.19398132 799.97364615 830.68949519
 0.630 299.45379902 308.61072277 364.86245825 586.04665588 799.71703604 830.41718307
 0.635 299.45300217 308.60490683 364.82580967 585.88877206 799.44203544 830.12535514
 0.640 299.45214870 308.59867771 364.78655749 585.71967177 799.14749810 829.81279502
 0.645 299.45123507 308.59200945 364.74453809 585.53865020 798.83219637 829.47819992
 0.650 299.45025746 308.58487426 364.69957633 585.34495281 798.49481603 829.12017523
 0.655 299.44921180 308.57724238 364.65148481 585.13777226 798.13395085 828.73722864
 0.660 299.44809373 308.56908202 364.60006308 584.91624500 797.74809668 828.32776400
 0.665 299.44689859 308.56035916 364.54509681 584.67944767 797.33564526 827.89007460
 0.670 299.44562140 308.55103744 364.48635688 584.42639328 796.89487743 827.42233612
 0.675 299.44425684 308.54107801 364.42359848 584.15602707 796.42395603 826.92259896
 0.680 299.44279921 308.53043936 364.35656000 583.86722211 795.92091820 826.38878016
 0.685 299.44124245 308.51907713 364.28496203 583.55877465 795.38366722 825.81865471
 0.690 299.43958006 308.50694398 364.20850614 583.22939903 794.80996377 825.20984625
 0.695 299.43780511 308.49398933 364.12687365 582.87772238 794.19741658 824.55981721
 0.700 299.43591022 308.48015919 364.03972431 582.50227887 793.54347250 823.86585818
 0.705 299.43388746 308.46539590 363.94669487 582.10150360 792.84540581 823.12507668
 0.710 299.43172843 308.44963794 363.84739757 581.67372612 792.10030689 822.33438503
 0.715 299.42942411 308.43281962 363.74141853 581.21716338 791.30507008 821.49048754
 0.720 299.42696491 308.41487084 363.62831603 580.72991238 790.45638074 820.58986677
 0.725 299.42434057 308.39571680 363.50761862 580.20994221 789.55070143 819.62876880
 0.730 299.42154016 308.37527764 363.37882324 579.65508556 788.58425720 818.60318769
 0.735 299.41855200 308.35346819 363.24139305 579.06302974 787.55301978 817.50884868
 0.740 299.41536363 308.33019753 363.09475522 578.43130700 786.45269086 816.34119046
 0.745 299.41196177 308.30536868 362.93829855 577.75728422 785.27868415 815.09534608
 0.750 299.40833224 308.27887813 362.77137092 577.03815202 784.02610624 813.76612273
 0.755 299.40445992 308.25061549 362.59327654 576.27091297 782.68973627 812.34798006
 0.760 299.40032865 308.22046293 362.40327311 575.45236913 781.26400407 810.83500708
 0.765 299.39592122 308.18829480 362.20056866 574.57910871 779.74296705 809.22089755
 0.770 299.39121926 308.15397700 361.98431830 573.64749187 778.12028533 807.49892368
 0.775 299.38620317 308.11736649 361.75362068 572.65363552 776.38919541 805.66190809
 0.780 299.38085205 308.07831068 361.50751422 571.59339715 774.54248191 803.70219388
 0.785 299.37514358 308.03664678 361.24497312 570.46235758 772.57244750 801.61161275
 0.790 299.36905398 307.99220113 360.96490308 569.25580249 770.47088087 799.38145091
 0.795 299.36255787 307.94478847 360.66613673 567.96870284 768.22902244 797.00241280
 0.800 299.35562816 307.89421118 360.34742879 566.59569384 765.83752790 794.46458232
 0.805 299.34823597 307.84025846 360.00745084 565.13105264 763.28642922 791.75738149
 0.810 299.34035050 307.78270541 359.64478582 563.56867444 760.56509313 788.86952641
 0.815 299.33193887 307.72131216 359.25792209 561.90204707 757.66217680 785.78898016
 0.820 299.32296603 307.65582281 358.84524717 560.12422385 754.56558054 782.50290267
 0.825 299.31339457 307.58596439 358.40504098 558.22779461 751.26239739 778.99759720
 0.830 299.30318460 307.51144572 357.93546869 556.20485480 747.73885930 775.25845325
 0.835 299.29229356 307.43195620 357.43457306 554.04697259 743.98027977 771.26988562
 0.840 299.28067606 307.34716451 356.90026632 551.74515368 739.97099260 767.01526952
 0.845 299.26828368 307.25671723 356.33032141 549.28980383 735.69428665 762.47687123
 0.850 299.25506475 307.16023736 355.72236272 546.67068886 731.13233610 757.63577419
 0.855 299.24096419 307.05732277 355.07385623 543.87689200 726.26612623 752.47180014
 0.860 299.22592322 306.94754450 354.38209889 540.89676839 721.07537412 746.96342507
 0.865 299.20987915 306.83044497 353.64420736 537.71789654 715.53844414 741.08768944
 0.870 299.19276511 306.70553610 352.85710604 534.32702654 709.63225772 734.82010252
 0.875 299.17450976 306.57229726 352.01751419 530.71002486 703.33219722 728.13454029
 0.880 299.15503700 306.43017309 351.12193231 526.85181543 696.61200325 721.00313656
 0.885 299.13426569 306.27857121 350.16662750 522.73631680 689.44366530 713.39616685
 0.890 299.11210923 306.11685972 349.14761795 518.34637510 681.79730491 705.28192442
 0.895 299.08847529 305.94436459 348.06065630 513.66369255 673.64105119 696.62658821
 0.900 299.06326534 305.76036683 346.90121199 508.66875120 664.94090794 687.39408177
 0.905 299.03637431 305.56409953 345.66445231 503.34073157 655.66061197 677.54592299
 0.910 299.00769013 305.35474462 344.34522230 497.65742586 645.76148197 667.04106361
 0.915 298.97709322 305.13142949 342.93802328 491.59514541 635.20225722 655.83571819
 0.920 298.94445605 304.89322333 341.43698987 485.12862196 623.93892569 643.88318156
 0.925 298.90964260 304.63913328 339.83586559 478.23090228 611.92454052 631.13363421
 0.930 298.87250776 304.36810025 338.12797678 470.87323591 599.10902440 617.53393457
 0.935 298.83289673 304.07899454 336.30620476 463.02495526 585.43896079 603.02739755
 0.940 298.79064443 303.77061115 334.36295618 454.65334779 570.85737132 587.55355825
 0.945 298.74557473 303.44166468 332.29013136 445.72351971 555.30347826 571.04791995
 0.950 298.69749979 303.09078405 330.07909053 436.19825046 538.71245123 553.44168527
 0.955 298.64621921 302.71650676 327.72061782 426.03783765 521.01513693 534.66146943
 0.960 298.59151926 302.31727276 325.20488285 415.19993151 502.13777096 514.62899436
 0.965 298.53317195 301.89141801 322.52139974 403.63935844 482.00167029 493.26076242
 0.970 298.47093406 301.43716750 319.65898344 391.30793264 460.52290539 470.46770840
 0.975 298.40454619 300.95262786 316.60570307 378.15425532 437.61195031 446.15482825
 0.980 298.33373163 300.43577947 313.34883221 364.12350048 413.17330958 420.22078313
 0.985 298.25819521 299.88446806 309.87479585 349.15718632 387.10512019 392.55747699
 0.990 298.17762209 299.29639568 306.16911382 333.19293156 359.29872696 363.04960603
 0.995 298.09167643 298.66911119 302.21634040 316.16419535 329.63822967 331.57417808
 1.000 298.00000000 298.00000000 298.00000000 298.00000000 298.00000000 298.00000000
