     x            0            3            6            9           12           15
 0.000          NaN 298.00000000 298.00000000 298.00000000 298.00000000 298.00000000
 0.005          NaN 303.41032027 301.76215624 301.03277527 300.59842598 300.30231042
 0.010          NaN 308.39370229 305.11143365 303.66309243 302.80293956 302.21806100
 0.015          NaN 312.98383654 308.09314372 305.94435884 304.67325649 303.81215546
 0.020          NaN 317.21175491 310.74762523 307.92289455 306.26003982 305.13860014
 0.025          NaN 321.10604049 313.11078996 309.63887281 307.60627228 306.24233364
 0.030          NaN 324.69302084 315.21460854 311.12713576 308.74842055 307.16074937
 0.035          NaN 327.99694597 317.08754300 312.41790188 309.71742309 307.92496233
 0.040          NaN 331.04015228 318.75493177 313.53737958 310.53952818 308.56086330
 0.045          NaN 333.84321353 320.23933251 314.50829932 311.23700498 309.08999596
 0.050          NaN 336.42508002 321.56082730 315.35037519 311.82874670 309.53028681
 0.055          NaN 338.80320659 322.73729430 316.08070514 312.33078243 309.89665246
 0.060          NaN 340.99367074 323.78464961 316.71411818 312.75671127 310.20150501
 0.065          NaN 343.01128121 324.71706263 317.26347546 313.11807076 310.45517256
 0.070          NaN 344.86967821 325.54714774 317.73993143 313.42464941 310.66624912
 0.075          NaN 346.58142552 326.28613494 318.15316031 313.68475179 310.84188575
 0.080          NaN 348.15809554 326.94402179 318.51155251 313.90542355 310.98803284
 0.085          NaN 349.61034743 327.52970867 318.82238502 314.09264223 311.10964172
 0.090          NaN 350.94799923 328.05111919 319.09196915 314.25147921 311.21083236
 0.095          NaN 352.18009422 328.51530738 319.32577868 314.38623704 311.29503301
 0.100          NaN 353.31496206 328.92855310 319.52856101 314.50056606 311.36509630
 0.105          NaN 354.36027508 329.29644707 319.70443353 314.59756319 311.42339590
 0.110          NaN 355.32310020 329.62396641 319.85696726 314.67985589 311.47190696
 0.115          NaN 356.20994665 329.91554206 319.98925931 314.74967330 311.51227296
 0.120          NaN 357.02681002 330.17511865 320.10399583 314.80890664 311.54586148
 0.125          NaN 357.77921275 330.40620795 320.20350647 314.85916040 311.57381046
 0.130          NaN 358.47224152 330.61193628 320.28981176 314.90179587 311.59706679
 0.135          NaN 359.11058159 330.79508691 320.36466409 314.93796795 311.61641835
 0.140          NaN 359.69854849 330.95813762 320.42958330 314.96865646 311.63252078
 0.145          NaN 360.24011721 331.10329428 320.48588754 314.99469270 311.64591959
 0.150          NaN 360.73894907 331.23252068 320.53472004 315.01678194 311.65706873
 0.155          NaN 361.19841644 331.34756510 320.57707233 315.03552253 311.66634592
 0.160          NaN 361.62162558 331.44998393 320.61380434 315.05142210 311.67406546
 0.165          NaN 362.01143763 331.54116278 320.64566191 315.06491136 311.68048889
 0.170          NaN 362.37048793 331.62233518 320.67329189 315.07635569 311.68583381
 0.175          NaN 362.70120386 331.69459929 320.69725529 315.08606510 311.69028132
 0.180          NaN 363.00582126 331.75893275 320.71803868 315.09430260 311.69398209
 0.185          NaN 363.28639950 331.81620591 320.73606405 315.10129132 311.69706150
 0.190          NaN 363.54483545 331.86719361 320.75169740 315.10722058 311.69962387
 0.195          NaN 363.78287629 331.91258565 320.76525616 315.11225098 311.70175602
 0.200          NaN 364.00213130 331.95299612 320.77701563 315.11651879 311.70353017
 0.205          NaN 364.20408277 331.98897172 320.78721459 315.12013961 311.70500645
 0.210          NaN 364.39009600 332.02099916 320.79606011 315.12321153 311.70623486
 0.215          NaN 364.56142856 332.04951173 320.80373181 315.12581776 311.70725701
 0.220          NaN 364.71923875 332.07489518 320.81038545 315.12802889 311.70810755
 0.225          NaN 364.86459344 332.09749290 320.81615613 315.12990482 311.70881528
 0.230          NaN 364.99847532 332.11761061 320.82116103 315.13149637 311.70940418
 0.235          NaN 365.12178951 332.13552048 320.82550176 315.13284664 311.70989421
 0.240          NaN 365.23536968 332.15146482 320.82926647 315.13399222 311.71030195
 0.245          NaN 365.33998370 332.16565932 320.83253158 315.13496413 311.71064124
 0.250          NaN 365.43633881 332.17829602 320.83536341 315.13578871 311.71092356
 0.255          NaN 365.52508643 332.18954587 320.83781944 315.13648828 311.71115848
 0.260          NaN 365.60682655 332.19956109 320.83994955 315.13708180 311.71135396
 0.265          NaN 365.68211177 332.20847715 320.84179699 315.13758534 311.71151661
 0.270          NaN 365.75145106 332.21641468 320.84339927 315.13801255 311.71165196
 0.275          NaN 365.81531320 332.22348107 320.84478892 315.13837499 311.71176458
 0.280          NaN 365.87412992 332.22977192 320.84599415 315.13868249 311.71185829
 0.285          NaN 365.92829887 332.23537232 320.84703945 315.13894337 311.71193627
 0.290          NaN 365.97818626 332.24035806 320.84794603 315.13916471 311.71200115
 0.295          NaN 366.02412935 332.24479657 320.84873231 315.13935249 311.71205514
 0.300          NaN 366.06643875 332.24874792 320.84941424 315.13951180 311.71210007
 0.305          NaN 366.10540049 332.25226554 320.85000568 315.13964696 311.71213745
 0.310          NaN 366.14127797 332.25539704 320.85051863 315.13976163 311.71216856
 0.315          NaN 366.17431374 332.25818478 320.85096350 315.13985892 311.71219444
 0.320          NaN 366.20473115 332.26066647 320.85134934 315.13994146 311.71221598
 0.325          NaN 366.23273583 332.26287569 320.85168397 315.14001149 311.71223390
 0.330          NaN 366.25851712 332.26484232 320.85197419 315.14007090 311.71224881
 0.335          NaN 366.28224930 332.26659297 320.85222590 315.14012130 311.71226122
 0.340          NaN 366.30409282 332.26815133 320.85244419 315.14016407 311.71227155
 0.345          NaN 366.32419536 332.26953848 320.85263352 315.14020034 311.71228014
 0.350          NaN 366.34269282 332.27077318 320.85279771 315.14023112 311.71228729
 0.355          NaN 366.35971025 332.27187213 320.85294010 315.14025724 311.71229323
 0.360          NaN 366.37536270 332.27285022 320.85306359 315.14027939 311.71229818
 0.365          NaN 366.38975599 332.27372066 320.85317068 315.14029819 311.71230230
 0.370          NaN 366.40298742 332.27449523 320.85326355 315.14031413 311.71230573
 0.375          NaN 366.41514645 332.27518442 320.85334408 315.14032766 311.71230858
 0.380          NaN 366.42631529 332.27579754 320.85341391 315.14033913 311.71231095
 0.385          NaN 366.43656943 332.27634289 320.85347445 315.14034887 311.71231293
 0.390          NaN 366.44597820 332.27682786 320.85352694 315.14035712 311.71231457
 0.395          NaN 366.45460521 332.27725899 320.85357244 315.14036413 311.71231594
 0.400          NaN 366.46250879 332.27764213 320.85361187 315.14037007 311.71231707
 0.405          NaN 366.46974236 332.27798245 320.85364603 315.14037510 311.71231802
 0.410          NaN 366.47635483 332.27828456 320.85367562 315.14037937 311.71231881
 0.415          NaN 366.48239090 332.27855255 320.85370125 315.14038299 311.71231946
 0.420          NaN 366.48789138 332.27879004 320.85372342 315.14038606 311.71232001
 0.425          NaN 366.49289346 332.27900025 320.85374259 315.14038866 311.71232046
 0.430          NaN 366.49743095 332.27918602 320.85375915 315.14039086 311.71232083
 0.435          NaN 366.50153453 332.27934986 320.85377344 315.14039272 311.71232115
 0.440          NaN 366.50523195 332.27949399 320.85378574 315.14039429 311.71232140
 0.445          NaN 366.50854819 332.27962036 320.85379630 315.14039561 311.71232162
 0.450          NaN 366.51150568 332.27973068 320.85380534 315.14039673 311.71232180
 0.455          NaN 366.51412441 332.27982644 320.85381305 315.14039766 311.71232194
 0.460          NaN 366.51642209 332.27990894 320.85381958 315.14039843 311.71232206
 0.465          NaN 366.51841425 332.27997929 320.85382506 315.14039908 311.71232216
 0.470          NaN 366.52011436 332.28003845 320.85382960 315.14039960 311.71232224
 0.475          NaN 366.52153391 332.28008721 320.85383330 315.14040002 311.71232230
 0.480          NaN 366.52268249 332.28012624 320.85383622 315.14040035 311.71232235
 0.485          NaN 366.52356789 332.28015606 320.85383844 315.14040060 311.71232239
 0.490          NaN 366.52419607 332.28017708 320.85383999 315.14040078 311.71232241
 0.495          NaN 366.52457129 332.28018957 320.85384091 315.14040088 311.71232243
 0.500          NaN 366.52469608 332.28019372 320.85384122 315.14040091 311.71232243
 0.505          NaN 366.52457129 332.28018957 320.85384091 315.14040088 311.71232243
 0.510          NaN 366.52419607 332.28017708 320.85383999 315.14040078 311.71232241
 0.515          NaN 366.52356789 332.28015606 320.85383844 315.14040060 311.71232239
 0.520          NaN 366.52268249 332.28012624 320.85383622 315.14040035 311.71232235
 0.525          NaN 366.52153391 332.28008721 320.85383330 315.14040002 311.71232230
 0.530          NaN 366.52011436 332.28003845 320.85382960 315.14039960 311.71232224
 0.535          NaN 366.51841425 332.27997929 320.85382506 315.14039908 311.71232216
 0.540          NaN 366.51642209 332.27990894 320.85381958 315.14039843 311.71232206
 0.545          NaN 366.51412441 332.27982644 320.85381305 315.14039766 311.71232194
 0.550          NaN 366.51150568 332.27973068 320.85380534 315.14039673 311.71232180
 0.555          NaN 366.50854819 332.27962036 320.85379630 315.14039561 311.71232162
 0.560          NaN 366.50523195 332.27949399 320.85378574 315.14039429 311.71232140
 0.565          NaN 366.50153453 332.27934986 320.85377344 315.14039272 311.71232115
 0.570          NaN 366.49743095 332.27918602 320.85375915 315.14039086 311.71232083
 0.575          NaN 366.49289346 332.27900025 320.85374259 315.14038866 311.71232046
 0.580          NaN 366.48789138 332.27879004 320.85372342 315.14038606 311.71232001
 0.585          NaN 366.48239090 332.27855255 320.85370125 315.14038299 311.71231946
 0.590          NaN 366.47635483 332.27828456 320.85367562 315.14037937 311.71231881
 0.595          NaN 366.46974236 332.27798245 320.85364603 315.14037510 311.71231802
 0.600          NaN 366.46250879 332.27764213 320.85361187 315.14037007 311.71231707
 0.605          NaN 366.45460521 332.27725899 320.85357244 315.14036413 311.71231594
 0.610          NaN 366.44597820 332.27682786 320.85352694 315.14035712 311.71231457
 0.615          NaN 366.43656943 332.27634289 320.85347445 315.14034887 311.71231293
 0.620          NaN 366.42631529 332.27579754 320.85341391 315.14033913 311.71231095
 0.625          NaN 366.41514645 332.27518442 320.85334408 315.14032766 311.71230858
 0.630          NaN 366.40298742 332.27449523 320.85326355 315.14031413 311.71230573
 0.635          NaN 366.38975599 332.27372066 320.85317068 315.14029819 311.71230230
 0.640          NaN 366.37536270 332.27285022 320.85306359 315.14027939 311.71229818
 0.645          NaN 366.35971025 332.27187213 320.85294010 315.14025724 311.71229323
 0.650          NaN 366.34269282 332.27077318 320.85279771 315.14023112 311.71228729
 0.655          NaN 366.32419536 332.26953848 320.85263352 315.14020034 311.71228014
 0.660          NaN 366.30409282 332.26815133 320.85244419 315.14016407 311.71227155
 0.665          NaN 366.28224930 332.26659297 320.85222590 315.14012130 311.71226122
 0.670          NaN 366.25851712 332.26484232 320.85197419 315.14007090 311.71224881
 0.675          NaN 366.23273583 332.26287569 320.85168397 315.14001149 311.71223390
 0.680          NaN 366.20473115 332.26066647 320.85134934 315.13994146 311.71221598
 0.685          NaN 366.17431374 332.25818478 320.85096350 315.13985892 311.71219444
 0.690          NaN 366.14127797 332.25539704 320.85051863 315.13976163 311.71216856
 0.695          NaN 366.10540049 332.25226554 320.85000568 315.13964696 311.71213745
 0.700          NaN 366.06643875 332.24874792 320.84941424 315.13951180 311.71210007
 0.705          NaN 366.02412935 332.24479657 320.84873231 315.13935249 311.71205514
 0.710          NaN 365.97818626 332.24035806 320.84794603 315.13916471 311.71200115
 0.715          NaN 365.92829887 332.23537232 320.84703945 315.13894337 311.71193627
 0.720          NaN 365.87412992 332.22977192 320.84599415 315.13868249 311.71185829
 0.725          NaN 365.81531320 332.22348107 320.84478892 315.13837499 311.71176458
 0.730          NaN 365.75145106 332.21641468 320.84339927 315.13801255 311.71165196
 0.735          NaN 365.68211177 332.20847715 320.84179699 315.13758534 311.71151661
 0.740          NaN 365.60682655 332.19956109 320.83994955 315.13708180 311.71135396
 0.745          NaN 365.52508643 332.18954587 320.83781944 315.13648828 311.71115848
 0.750          NaN 365.43633881 332.17829602 320.83536341 315.13578871 311.71092356
 0.755          NaN 365.33998370 332.16565932 320.83253158 315.13496413 311.71064124
 0.760          NaN 365.23536968 332.15146482 320.82926647 315.13399222 311.71030195
 0.765          NaN 365.12178951 332.13552048 320.82550176 315.13284664 311.70989421
 0.770          NaN 364.99847532 332.11761061 320.82116103 315.13149637 311.70940418
 0.775          NaN 364.86459344 332.09749290 320.81615613 315.12990482 311.70881528
 0.780          NaN 364.71923875 332.07489518 320.81038545 315.12802889 311.70810755
 0.785          NaN 364.56142856 332.04951173 320.80373181 315.12581776 311.70725701
 0.790          NaN 364.39009600 332.02099916 320.79606011 315.12321153 311.70623486
 0.795          NaN 364.20408277 331.98897172 320.78721459 315.12013961 311.70500645
 0.800          NaN 364.00213130 331.95299612 320.77701563 315.11651879 311.70353017
 0.805          NaN 363.78287629 331.91258565 320.76525616 315.11225098 311.70175602
 0.810          NaN 363.54483545 331.86719361 320.75169740 315.10722058 311.69962387
 0.815          NaN 363.28639950 331.81620591 320.73606405 315.10129132 311.69706150
 0.820          NaN 363.00582126 331.75893275 320.71803868 315.09430260 311.69398209
 0.825          NaN 362.70120386 331.69459929 320.69725529 315.08606510 311.69028132
 0.830          NaN 362.37048793 331.62233518 320.67329189 315.07635569 311.68583381
 0.835          NaN 362.01143763 331.54116278 320.64566191 315.06491136 311.68048889
 0.840          NaN 361.62162558 331.44998393 320.61380434 315.05142210 311.67406546
 0.845          NaN 361.19841644 331.34756510 320.57707233 315.03552253 311.66634592
 0.850          NaN 360.73894907 331.23252068 320.53472004 315.01678194 311.65706873
 0.855          NaN 360.24011721 331.10329428 320.48588754 314.99469270 311.64591959
 0.860          NaN 359.69854849 330.95813762 320.42958330 314.96865646 311.63252078
 0.865          NaN 359.11058159 330.79508691 320.36466409 314.93796795 311.61641835
 0.870          NaN 358.47224152 330.61193628 320.28981176 314.90179587 311.59706679
 0.875          NaN 357.77921275 330.40620795 320.20350647 314.85916040 311.57381046
 0.880          NaN 357.02681002 330.17511865 320.10399583 314.80890664 311.54586148
 0.885          NaN 356.20994665 329.91554206 319.98925931 314.74967330 311.51227296
 0.890          NaN 355.32310020 329.62396641 319.85696726 314.67985589 311.47190696
 0.895          NaN 354.36027508 329.29644707 319.70443353 314.59756319 311.42339590
 0.900          NaN 353.31496206 328.92855310 319.52856101 314.50056606 311.36509630
 0.905          NaN 352.18009422 328.51530738 319.32577868 314.38623704 311.29503301
 0.910          NaN 350.94799923 328.05111919 319.09196915 314.25147921 311.21083236
 0.915          NaN 349.61034743 327.52970867 318.82238502 314.09264223 311.10964172
 0.920          NaN 348.15809554 326.94402179 318.51155251 313.90542355 310.98803284
 0.925          NaN 346.58142552 326.28613494 318.15316031 313.68475179 310.84188575
 0.930          NaN 344.86967821 325.54714774 317.73993143 313.42464941 310.66624912
 0.935          NaN 343.01128121 324.71706263 317.26347546 313.11807076 310.45517256
 0.940          NaN 340.99367074 323.78464961 316.71411818 312.75671127 310.20150501
 0.945          NaN 338.80320659 322.73729430 316.08070514 312.33078243 309.89665246
 0.950          NaN 336.42508002 321.56082730 315.35037519 311.82874670 309.53028681
 0.955          NaN 333.84321353 320.23933251 314.50829932 311.23700498 309.08999596
 0.960          NaN 331.04015228 318.75493177 313.53737958 310.53952818 308.56086330
 0.965          NaN 327.99694597 317.08754300 312.41790188 309.71742309 307.92496233
 0.970          NaN 324.69302084 315.21460854 311.12713576 308.74842055 307.16074937
 0.975          NaN 321.10604049 313.11078996 309.63887281 307.60627228 306.24233364
 0.980          NaN 317.21175491 310.74762523 307.92289455 306.26003982 305.13860014
 0.985          NaN 312.98383654 308.09314372 305.94435884 304.67325649 303.81215546
 0.990          NaN 308.39370229 305.11143365 303.66309243 302.80293956 302.21806100
 0.995          NaN 303.41032027 301.76215624 301.03277527 300.59842598 300.30231042
 1.000          NaN 298.00000000 298.00000000 298.00000000 298.00000000 298.00000000
