     x          500          600          700          800          900         1000
 0.000 298.00000000 298.00000000 298.00000000 298.00000000 298.00000000 298.00000000
 0.005 301.47497210 302.16996651 302.86496093 303.55995535 304.25494977 304.94994419
 0.010 304.73272076 306.07926491 307.42580906 308.77235322 310.11889737 311.46544152
 0.015 307.78682466 309.74418959 311.70155452 313.65891945 315.61628439 317.57364932
 0.020 310.65001365 313.18001637 315.71001910 318.24002183 320.77002456 323.30002729
 0.025 313.33422182 316.40106618 319.46791054 322.53475490 325.60159927 328.66844363
 0.030 315.85063725 319.42076471 322.99089216 326.56101961 330.13114706 333.70127451
 0.035 318.20974867 322.25169840 326.29364813 330.33559787 334.37754760 338.41949734
 0.040 320.42138910 324.90566692 329.38994474 333.87422256 338.35850038 342.84277820
 0.045 322.49477692 327.39373230 332.29268769 337.19164307 342.09059845 346.98955384
 0.050 324.43855424 329.72626509 335.01397594 340.30168679 345.58939763 350.87710848
 0.055 326.26082295 331.91298754 337.56515213 343.21731672 348.86948131 354.52164590
 0.060 327.96917847 333.96301417 339.95684986 345.95068556 351.94452125 357.93835695
 0.065 329.57074143 335.88488971 342.19903800 348.51318628 354.82733457 361.14148285
 0.070 331.07218731 337.68662477 344.30106223 350.91549969 357.52993715 364.14437461
 0.075 332.47977431 339.37572917 346.27168404 353.16763890 360.06359376 366.95954862
 0.080 333.79936942 340.95924331 348.11911719 355.27899108 362.43886496 369.59873885
 0.085 335.03647286 342.44376744 349.85106201 357.25835658 364.66565115 372.07294573
 0.090 336.19624102 343.83548923 351.47473743 359.11398563 366.75323384 374.39248204
 0.095 337.28350794 345.14020953 352.99691112 360.85361271 368.71031430 376.56701588
 0.100 338.30280548 346.36336657 354.42392767 362.48448876 370.54504986 378.60561095
 0.105 339.25838217 347.51005861 355.76173504 364.01341148 372.26508791 380.51676435
 0.110 340.15422099 348.58506518 357.01590938 365.44675358 373.87759778 382.30844197
 0.115 340.99405587 349.59286705 358.19167822 366.79048940 375.38930057 383.98811175
 0.120 341.78138736 350.53766483 359.29394230 368.05021977 376.80649724 385.56277472
 0.125 342.51949713 351.42339656 360.32729598 369.23119541 378.13509484 387.03899426
 0.130 343.21146172 352.25375406 361.29604640 370.33833874 379.38063109 388.42292343
 0.135 343.86016530 353.03219836 362.20423142 371.37626448 380.54829754 389.72033060
 0.140 344.46831175 353.76197411 363.05563646 372.34929881 381.64296116 390.93662351
 0.145 345.03843590 354.44612308 363.85381026 373.26149744 382.66918462 392.07687180
 0.150 345.57291408 355.08749690 364.60207972 374.11666254 383.63124535 393.14582817
 0.155 346.07397407 355.68876888 365.30356370 374.91835851 384.53315332 394.14794814
 0.160 346.54370433 356.25244520 365.96118606 375.66992693 385.37866779 395.08740866
 0.165 346.98406276 356.78087531 366.57768786 376.37450041 386.17131296 395.96812551
 0.170 347.39688481 357.27626177 367.15563874 377.03501570 386.91439266 396.79376962
 0.175 347.78389118 357.74066942 367.69744766 377.65422590 387.61100413 397.56778237
 0.180 348.14669496 358.17603396 368.20537295 378.23471194 388.26405093 398.29338993
 0.185 348.48680836 358.58417003 368.68153170 378.77889337 388.87625504 398.97361671
 0.190 348.80564899 358.96677879 369.12790859 379.28903838 389.45016818 399.61129798
 0.195 349.10454583 359.32545500 369.54636417 379.76727333 389.98818250 400.20909167
 0.200 349.38474472 359.66169366 369.93864261 380.21559155 390.49254050 400.76948944
 0.205 349.64741355 359.97689626 370.30637897 380.63586168 390.96534439 401.29482710
 0.210 349.89364716 360.27237659 370.65110602 381.02983546 391.40856489 401.78729432
 0.215 350.12447188 360.54936625 370.97426063 381.39915500 391.82404938 402.24894375
 0.220 350.34084981 360.80901977 371.27718973 381.74535969 392.21352965 402.68169961
 0.225 350.54368283 361.05241940 371.56115597 382.06989253 392.57862910 403.08736567
 0.230 350.73381639 361.28057967 371.82734295 382.37410622 392.92086950 403.46763278
 0.235 350.91204298 361.49445157 372.07686017 382.65926876 393.24167736 403.82408595
 0.240 351.07910546 361.69492655 372.31074764 382.92656874 393.54238983 404.15821092
 0.245 351.23570018 361.88284021 372.52998025 383.17712028 393.82426032 404.47140035
 0.250 351.38247983 362.05897580 372.73547176 383.41196773 394.08846369 404.76495966
 0.255 351.52005621 362.22406746 372.92807870 383.63208994 394.33610119 405.04011243
 0.260 351.64900276 362.37880332 373.10860387 383.83840442 394.56820498 405.29800553
 0.265 351.76985694 362.52382833 373.27779972 384.03177111 394.78574250 405.53971389
 0.270 351.88312249 362.65974698 373.43637148 384.21299598 394.98962048 405.76624497
 0.275 351.98927150 362.78712580 373.58498010 384.38283440 395.18068869 405.97854299
 0.280 352.08874642 362.90649570 373.72424498 384.54199426 395.35974355 406.17749283
 0.285 352.18196186 363.01835424 373.85474661 384.69113898 395.52753135 406.36392373
 0.290 352.26930638 363.12316765 373.97702893 384.83089020 395.68475148 406.53861275
 0.295 352.35114401 363.22137282 374.09160162 384.96183042 395.83205922 406.70228803
 0.300 352.42781588 363.31337906 374.19894224 385.08450542 395.97006859 406.85563177
 0.305 352.49964157 363.39956988 374.29949819 385.19942651 396.09935482 406.99928313
 0.310 352.56692044 363.48030453 374.39368861 385.30707270 396.22045679 407.13384088
 0.315 352.62993292 363.55591951 374.48190609 385.40789268 396.33387926 407.25986585
 0.320 352.68894167 363.62673000 374.56451833 385.50230667 396.44009500 407.37788333
 0.325 352.74419262 363.69303115 374.64186967 385.59070819 396.53954672 407.48838524
 0.330 352.79591608 363.75509930 374.71428252 385.67346573 396.63264895 407.59183216
 0.335 352.84432764 363.81319317 374.78205869 385.75092422 396.71978975 407.68865528
 0.340 352.88962907 363.86755489 374.84548070 385.82340652 396.80133233 407.77925814
 0.345 352.93200921 363.91841105 374.90481289 385.89121473 396.87761657 407.86401841
 0.350 352.97164469 363.96597363 374.96030256 385.95463150 396.94896044 407.94328938
 0.355 353.00870072 364.01044087 375.01218101 386.01392115 397.01566130 408.01740144
 0.360 353.04333176 364.05199811 375.06066446 386.06933081 397.07799717 408.08666352
 0.365 353.07568215 364.09081858 375.10595501 386.12109143 397.13622786 408.15136429
 0.370 353.10588673 364.12706407 375.14824142 386.16941876 397.19059611 408.21177345
 0.375 353.13407139 364.16088567 375.18769995 386.21451423 397.24132851 408.26814279
 0.380 353.16035362 364.19242435 375.22449507 386.25656580 397.28863652 408.32070725
 0.385 353.18484297 364.22181156 375.25878015 386.29574875 397.33271734 408.36968593
 0.390 353.20764149 364.24916979 375.29069809 386.33222639 397.37375469 408.41528299
 0.395 353.22884423 364.27461308 375.32038193 386.36615078 397.41191962 408.45768847
 0.400 353.24853956 364.29824748 375.34795539 386.39766330 397.44737121 408.49707913
 0.405 353.26680957 364.32017149 375.37353340 386.42689532 397.48025723 408.53361915
 0.410 353.28373041 364.34047650 375.39722258 386.45396866 397.51071475 408.56746083
 0.415 353.29937262 364.35924714 375.41912166 386.47899618 397.53887071 408.59874523
 0.420 353.31380138 364.37656165 375.43932193 386.50208220 397.56484248 408.62760275
 0.425 353.32707683 364.39249220 375.45790757 386.52332293 397.58873830 408.65415367
 0.430 353.33925433 364.40710519 375.47495606 386.54280692 397.61065779 408.67850865
 0.435 353.35038461 364.42046153 375.49053845 386.56061537 397.63069229 408.70076921
 0.440 353.36051407 364.43261688 375.50471970 386.57682251 397.64892533 408.72102814
 0.445 353.36968494 364.44362192 375.51755891 386.59149590 397.66543289 408.73936987
 0.450 353.37793543 364.45352252 375.52910960 386.60469669 397.68028378 408.75587086
 0.455 353.38529994 364.46235993 375.53941992 386.61647991 397.69353990 408.77059989
 0.460 353.39180917 364.47017100 375.54853284 386.62689467 397.70525650 408.78361834
 0.465 353.39749024 364.47698829 375.55648633 386.63598438 397.71548243 408.79498048
 0.470 353.40236683 364.48284020 375.56331356 386.64378693 397.72426030 408.80473366
 0.475 353.40645927 364.48775113 375.56904298 386.65033484 397.73162669 408.81291855
 0.480 353.40978463 364.49174155 375.57369848 386.65565540 397.73761233 408.81956925
 0.485 353.41235674 364.49482809 375.57729944 386.65977079 397.74224214 408.82471349
 0.490 353.41418635 364.49702362 375.57986089 386.66269817 397.74553544 408.82837271
 0.495 353.41528108 364.49833729 375.58139351 386.66444972 397.74750594 408.83056215
 0.500 353.41564548 364.49877457 375.58190367 386.66503277 397.74816186 408.83129096
 0.505 353.41528108 364.49833729 375.58139351 386.66444972 397.74750594 408.83056215
 0.510 353.41418635 364.49702362 375.57986089 386.66269817 397.74553544 408.82837271
 0.515 353.41235674 364.49482809 375.57729944 386.65977079 397.74224214 408.82471349
 0.520 353.40978463 364.49174155 375.57369848 386.65565540 397.73761233 408.81956925
 0.525 353.40645927 364.48775113 375.56904298 386.65033484 397.73162669 408.81291855
 0.530 353.40236683 364.48284020 375.56331356 386.64378693 397.72426030 408.80473366
 0.535 353.39749024 364.47698829 375.55648633 386.63598438 397.71548243 408.79498048
 0.540 353.39180917 364.47017100 375.54853284 386.62689467 397.70525650 408.78361834
 0.545 353.38529994 364.46235993 375.53941992 386.61647991 397.69353990 408.77059989
 0.550 353.37793543 364.45352252 375.52910960 386.60469669 397.68028378 408.75587086
 0.555 353.36968494 364.44362192 375.51755891 386.59149590 397.66543289 408.73936987
 0.560 353.36051407 364.43261688 375.50471970 386.57682251 397.64892533 408.72102814
 0.565 353.35038461 364.42046153 375.49053845 386.56061537 397.63069229 408.70076921
 0.570 353.33925433 364.40710519 375.47495606 386.54280692 397.61065779 408.67850865
 0.575 353.32707683 364.39249220 375.45790757 386.52332293 397.58873830 408.65415367
 0.580 353.31380138 364.37656165 375.43932193 386.50208220 397.56484248 408.62760275
 0.585 353.29937262 364.35924714 375.41912166 386.47899618 397.53887071 408.59874523
 0.590 353.28373041 364.34047650 375.39722258 386.45396866 397.51071475 408.56746083
 0.595 353.26680957 364.32017149 375.37353340 386.42689532 397.48025723 408.53361915
 0.600 353.24853956 364.29824748 375.34795539 386.39766330 397.44737121 408.49707913
 0.605 353.22884423 364.27461308 375.32038193 386.36615078 397.41191962 408.45768847
 0.610 353.20764149 364.24916979 375.29069809 386.33222639 397.37375469 408.41528299
 0.615 353.18484297 364.22181156 375.25878015 386.29574875 397.33271734 408.36968593
 0.620 353.16035362 364.19242435 375.22449507 386.25656580 397.28863652 408.32070725
 0.625 353.13407139 364.16088567 375.18769995 386.21451423 397.24132851 408.26814279
 0.630 353.10588673 364.12706407 375.14824142 386.16941876 397.19059611 408.21177345
 0.635 353.07568215 364.09081858 375.10595501 386.12109143 397.13622786 408.15136429
 0.640 353.04333176 364.05199811 375.06066446 386.06933081 397.07799717 408.08666352
 0.645 353.00870072 364.01044087 375.01218101 386.01392115 397.01566130 408.01740144
 0.650 352.97164469 363.96597363 374.96030256 385.95463150 396.94896044 407.94328938
 0.655 352.93200921 363.91841105 374.90481289 385.89121473 396.87761657 407.86401841
 0.660 352.88962907 363.86755489 374.84548070 385.82340652 396.80133233 407.77925814
 0.665 352.84432764 363.81319317 374.78205869 385.75092422 396.71978975 407.68865528
 0.670 352.79591608 363.75509930 374.71428252 385.67346573 396.63264895 407.59183216
 0.675 352.74419262 363.69303115 374.64186967 385.59070819 396.53954672 407.48838524
 0.680 352.68894167 363.62673000 374.56451833 385.50230667 396.44009500 407.37788333
 0.685 352.62993292 363.55591951 374.48190609 385.40789268 396.33387926 407.25986585
 0.690 352.56692044 363.48030453 374.39368861 385.30707270 396.22045679 407.13384088
 0.695 352.49964157 363.39956988 374.29949819 385.19942651 396.09935482 406.99928313
 0.700 352.42781588 363.31337906 374.19894224 385.08450542 395.97006859 406.85563177
 0.705 352.35114401 363.22137282 374.09160162 384.96183042 395.83205922 406.70228803
 0.710 352.26930638 363.12316765 373.97702893 384.83089020 395.68475148 406.53861275
 0.715 352.18196186 363.01835424 373.85474661 384.69113898 395.52753135 406.36392373
 0.720 352.08874642 362.90649570 373.72424498 384.54199426 395.35974355 406.17749283
 0.725 351.98927150 362.78712580 373.58498010 384.38283440 395.18068869 405.97854299
 0.730 351.88312249 362.65974698 373.43637148 384.21299598 394.98962048 405.76624497
 0.735 351.76985694 362.52382833 373.27779972 384.03177111 394.78574250 405.53971389
 0.740 351.64900276 362.37880332 373.10860387 383.83840442 394.56820498 405.29800553
 0.745 351.52005621 362.22406746 372.92807870 383.63208994 394.33610119 405.04011243
 0.750 351.38247983 362.05897580 372.73547176 383.41196773 394.08846369 404.76495966
 0.755 351.23570018 361.88284021 372.52998025 383.17712028 393.82426032 404.47140035
 0.760 351.07910546 361.69492655 372.31074764 382.92656874 393.54238983 404.15821092
 0.765 350.91204298 361.49445157 372.07686017 382.65926876 393.24167736 403.82408595
 0.770 350.73381639 361.28057967 371.82734295 382.37410622 392.92086950 403.46763278
 0.775 350.54368283 361.05241940 371.56115597 382.06989253 392.57862910 403.08736567
 0.780 350.34084981 360.80901977 371.27718973 381.74535969 392.21352965 402.68169961
 0.785 350.12447188 360.54936625 370.97426063 381.39915500 391.82404938 402.24894375
 0.790 349.89364716 360.27237659 370.65110602 381.02983546 391.40856489 401.78729432
 0.795 349.64741355 359.97689626 370.30637897 380.63586168 390.96534439 401.29482710
 0.800 349.38474472 359.66169366 369.93864261 380.21559155 390.49254050 400.76948944
 0.805 349.10454583 359.32545500 369.54636417 379.76727333 389.98818250 400.20909167
 0.810 348.80564899 358.96677879 369.12790859 379.28903838 389.45016818 399.61129798
 0.815 348.48680836 358.58417003 368.68153170 378.77889337 388.87625504 398.97361671
 0.820 348.14669496 358.17603396 368.20537295 378.23471194 388.26405093 398.29338993
 0.825 347.78389118 357.74066942 367.69744766 377.65422590 387.61100413 397.56778237
 0.830 347.39688481 357.27626177 367.15563874 377.03501570 386.91439266 396.79376962
 0.835 346.98406276 356.78087531 366.57768786 376.37450041 386.17131296 395.96812551
 0.840 346.54370433 356.25244520 365.96118606 375.66992693 385.37866779 395.08740866
 0.845 346.07397407 355.68876888 365.30356370 374.91835851 384.53315332 394.14794814
 0.850 345.57291408 355.08749690 364.60207972 374.11666254 383.63124535 393.14582817
 0.855 345.03843590 354.44612308 363.85381026 373.26149744 382.66918462 392.07687180
 0.860 344.46831175 353.76197411 363.05563646 372.34929881 381.64296116 390.93662351
 0.865 343.86016530 353.03219836 362.20423142 371.37626448 380.54829754 389.72033060
 0.870 343.21146172 352.25375406 361.29604640 370.33833874 379.38063109 388.42292343
 0.875 342.51949713 351.42339656 360.32729598 369.23119541 378.13509484 387.03899426
 0.880 341.78138736 350.53766483 359.29394230 368.05021977 376.80649724 385.56277472
 0.885 340.99405587 349.59286705 358.19167822 366.79048940 375.38930057 383.98811175
 0.890 340.15422099 348.58506518 357.01590938 365.44675358 373.87759778 382.30844197
 0.895 339.25838217 347.51005861 355.76173504 364.01341148 372.26508791 380.51676435
 0.900 338.30280548 346.36336657 354.42392767 362.48448876 370.54504986 378.60561095
 0.905 337.28350794 345.14020953 352.99691112 360.85361271 368.71031430 376.56701588
 0.910 336.19624102 343.83548923 351.47473743 359.11398563 366.75323384 374.39248204
 0.915 335.03647286 342.44376744 349.85106201 357.25835658 364.66565115 372.07294573
 0.920 333.79936942 340.95924331 348.11911719 355.27899108 362.43886496 369.59873885
 0.925 332.47977431 339.37572917 346.27168404 353.16763890 360.06359376 366.95954862
 0.930 331.07218731 337.68662477 344.30106223 350.91549969 357.52993715 364.14437461
 0.935 329.57074143 335.88488971 342.19903800 348.51318628 354.82733457 361.14148285
 0.940 327.96917847 333.96301417 339.95684986 345.95068556 351.94452125 357.93835695
 0.945 326.26082295 331.91298754 337.56515213 343.21731672 348.86948131 354.52164590
 0.950 324.43855424 329.72626509 335.01397594 340.30168679 345.58939763 350.87710848
 0.955 322.49477692 327.39373230 332.29268769 337.19164307 342.09059845 346.98955384
 0.960 320.42138910 324.90566692 329.38994474 333.87422256 338.35850038 342.84277820
 0.965 318.20974867 322.25169840 326.29364813 330.33559787 334.37754760 338.41949734
 0.970 315.85063725 319.42076471 322.99089216 326.56101961 330.13114706 333.70127451
 0.975 313.33422182 316.40106618 319.46791054 322.53475490 325.60159927 328.66844363
 0.980 310.65001365 313.18001637 315.71001910 318.24002183 320.77002456 323.30002729
 0.985 307.78682466 309.74418959 311.70155452 313.65891945 315.61628439 317.57364932
 0.990 304.73272076 306.07926491 307.42580906 308.77235322 310.11889737 311.46544152
 0.995 301.47497210 302.16996651 302.86496093 303.55995535 304.25494977 304.94994419
 1.000 298.00000000 298.00000000 298.00000000 298.00000000 298.00000000 298.00000000
