     x            1            5           10           15           20           25
 0.000 298.00000000 298.00000000 298.00000000 298.00000000 298.00000000 298.00000000
 0.005 305.30973093 301.31513490 300.30156163 299.82208973 299.52375941 299.31511156
 0.010 312.13887209 304.53048619 302.55276459 301.61045961 301.02216009 300.60989762
 0.015 318.51902041 307.64902830 304.75465009 303.36566104 302.49554856 301.88459772
 0.020 324.47969547 310.67364610 306.90823654 305.08823525 303.94426554 303.13944768
 0.025 330.04847601 313.60713758 309.01452002 306.77871336 305.36864606 304.37467965
 0.030 335.25112757 316.45221642 311.07447472 308.43761663 306.76901952 305.59052215
 0.035 340.11172168 319.21151453 313.08905340 310.06545655 308.14570974 306.78720012
 0.040 344.65274728 321.88758446 315.05918785 311.66273507 309.49903511 307.96493495
 0.045 348.89521468 324.48290176 316.98578928 313.22994468 310.82930858 309.12394451
 0.050 352.85875287 326.99986728 318.86974879 314.76756863 312.13683779 310.26444324
 0.055 356.56170027 329.44080940 320.71193774 316.27608102 313.42192510 311.38664212
 0.060 360.02118963 331.80798617 322.51320817 317.75594699 314.68486770 312.49074877
 0.065 363.25322725 334.10358738 324.27439321 319.20762285 315.92595764 313.57696745
 0.070 366.27276705 336.32973664 325.99630742 320.63155621 317.14548195 314.64549911
 0.075 369.09377981 338.48849328 327.67974724 322.02818612 318.34372263 315.69654143
 0.080 371.72931772 340.58185433 329.32549128 323.39794322 319.52095679 316.73028886
 0.085 374.19157486 342.61175627 330.93430072 324.74124987 320.67745667 317.74693265
 0.090 376.49194355 344.58007693 332.50691967 326.05852027 321.81348971 318.74666087
 0.095 378.64106710 346.48863713 334.04407550 327.35016057 322.92931862 319.72965849
 0.100 380.64888904 348.33920242 335.54647916 328.61656905 324.02520145 320.69610735
 0.105 382.52469911 350.13348473 337.01482555 329.85813620 325.10139162 321.64618626
 0.110 384.27717630 351.87314387 338.44979379 331.07524484 326.15813801 322.58007097
 0.115 385.91442892 353.55978917 339.85204759 332.26827025 327.19568499 323.49793427
 0.120 387.44403220 355.19498088 341.22223552 333.43758030 328.21427250 324.39994596
 0.125 388.87306327 356.78023168 342.56099132 334.58353552 329.21413610 325.28627292
 0.130 390.20813395 358.31700804 343.86893417 335.70648927 330.19550701 326.15707911
 0.135 391.45542132 359.80673158 345.14666903 336.80678780 331.15861217 327.01252563
 0.140 392.62069631 361.25078041 346.39478687 337.88477038 332.10367431 327.85277076
 0.145 393.70935040 362.65049038 347.61386497 338.94076939 333.03091197 328.67796994
 0.150 394.72642055 364.00715631 348.80446718 339.97511044 333.94053959 329.48827582
 0.155 395.67661252 365.32203321 349.96714417 340.98811246 334.83276751 330.28383832
 0.160 396.56432264 366.59633745 351.10243369 341.98008780 335.70780208 331.06480463
 0.165 397.39365817 367.83124785 352.21086085 342.95134233 336.56584565 331.83131922
 0.170 398.16845624 369.02790678 353.29293830 343.90217552 337.40709663 332.58352389
 0.175 398.89230169 370.18742124 354.34916653 344.83288057 338.23174959 333.32155782
 0.180 399.56854359 371.31086387 355.38003407 345.74374443 339.03999521 334.04555753
 0.185 400.20031077 372.39927392 356.38601770 346.63504797 339.83202042 334.75565698
 0.190 400.79052627 373.45365826 357.36758271 347.50706602 340.60800836 335.45198752
 0.195 401.34192089 374.47499227 358.32518309 348.36006745 341.36813850 336.13467799
 0.200 401.85704582 375.46422074 359.25926176 349.19431527 342.11258661 336.80385468
 0.205 402.33828442 376.42225880 360.17025073 350.01006673 342.84152486 337.45964139
 0.210 402.78786330 377.34999269 361.05857136 350.80757336 343.55512180 338.10215945
 0.215 403.20786254 378.24828064 361.92463451 351.58708104 344.25354247 338.73152772
 0.220 403.60022539 379.11795361 362.76884075 352.34883015 344.93694838 339.34786264
 0.225 403.96676723 379.95981613 363.59158055 353.09305556 345.60549756 339.95127823
 0.230 404.30918398 380.77464698 364.39323442 353.81998674 346.25934463 340.54188612
 0.235 404.62905991 381.56319993 365.17417316 354.52984784 346.89864079 341.11979559
 0.240 404.92787503 382.32620445 365.93475796 355.22285773 347.52353387 341.68511354
 0.245 405.20701188 383.06436637 366.67534061 355.89923011 348.13416839 342.23794455
 0.250 405.46776198 383.77836855 367.39626363 356.55917351 348.73068556 342.77839091
 0.255 405.71133175 384.46887149 368.09786047 357.20289144 349.31322333 343.30655260
 0.260 405.93884815 385.13651395 368.78045562 357.83058238 349.88191641 343.82252734
 0.265 406.15136384 385.78191356 369.44436481 358.44243987 350.43689631 344.32641056
 0.270 406.34986208 386.40566734 370.08989509 359.03865256 350.97829138 344.81829551
 0.275 406.53526129 387.00835232 370.71734505 359.61940430 351.50622681 345.29827317
 0.280 406.70841926 387.59052603 371.32700488 360.18487416 352.02082470 345.76643235
 0.285 406.87013716 388.15272701 371.91915657 360.73523650 352.52220404 346.22285965
 0.290 407.02116322 388.69547535 372.49407399 361.27066101 353.01048078 346.66763951
 0.295 407.16219621 389.21927312 373.05202306 361.79131278 353.48576784 347.10085423
 0.300 407.29388865 389.72460487 373.59326184 362.29735236 353.94817514 347.52258395
 0.305 407.41684987 390.21193808 374.11804065 362.78893579 354.39780959 347.93290668
 0.310 407.53164876 390.68172355 374.62660222 363.26621462 354.83477519 348.33189834
 0.315 407.63881650 391.13439588 375.11918177 363.72933603 355.25917299 348.71963275
 0.320 407.73884890 391.57037382 375.59600712 364.17844283 355.67110112 349.09618163
 0.325 407.83220881 391.99006068 376.05729882 364.61367347 356.07065486 349.46161465
 0.330 407.91932818 392.39384470 376.50327022 365.03516218 356.45792658 349.81599941
 0.335 408.00061009 392.78209941 376.93412759 365.44303890 356.83300587 350.15940148
 0.340 408.07643061 393.15518397 377.35007020 365.83742941 357.19597945 350.49188438
 0.345 408.14714056 393.51344351 377.75129045 366.21845531 357.54693126 350.81350964
 0.350 408.21306709 393.85720945 378.13797390 366.58623408 357.88594247 351.12433674
 0.355 408.27451522 394.18679979 378.51029939 366.94087913 358.21309146 351.42442320
 0.360 408.33176927 394.50251944 378.86843915 367.28249981 358.52845390 351.71382452
 0.365 408.38509413 394.80466045 379.21255880 367.61120146 358.83210272 351.99259425
 0.370 408.43473654 395.09350232 379.54281753 367.92708542 359.12410813 352.26078397
 0.375 408.48092617 395.36931226 379.85936806 368.23024911 359.40453766 352.51844329
 0.380 408.52387673 395.63234541 380.16235682 368.52078598 359.67345616 352.76561987
 0.385 408.56378695 395.88284509 380.45192394 368.79878564 359.93092583 353.00235944
 0.390 408.60084148 396.12104304 380.72820336 369.06433380 360.17700620 353.22870581
 0.395 408.63521177 396.34715959 380.99132285 369.31751233 360.41175417 353.44470085
 0.400 408.66705684 396.56140394 381.24140412 369.55839931 360.63522404 353.65038451
 0.405 408.69652402 396.76397426 381.47856282 369.78706901 360.84746749 353.84579485
 0.410 408.72374967 396.95505795 381.70290866 370.00359194 361.04853359 354.03096802
 0.415 408.74885974 397.13483178 381.91454539 370.20803485 361.23846885 354.20593828
 0.420 408.77197041 397.30346205 382.11357091 370.40046080 361.41731718 354.37073800
 0.425 408.79318862 397.46110476 382.30007726 370.58092910 361.58511995 354.52539766
 0.430 408.81261253 397.60790573 382.47415070 370.74949541 361.74191596 354.66994588
 0.435 408.83033201 397.74400077 382.63587175 370.90621171 361.88774147 354.80440940
 0.440 408.84642906 397.86951577 382.78531522 371.05112631 362.02263021 354.92881310
 0.445 408.86097813 397.98456685 382.92255020 371.18428390 362.14661337 355.04317999
 0.450 408.87404656 398.08926043 383.04764019 371.30572554 362.25971961 355.14753123
 0.455 408.88569481 398.18369337 383.16064304 371.41548866 362.36197510 355.24188613
 0.460 408.89597677 398.26795302 383.26161101 371.51360713 362.45340349 355.32626213
 0.465 408.90494001 398.34211733 383.35059080 371.60011118 362.53402591 355.40067486
 0.470 408.91262600 398.40625490 383.42762357 371.67502750 362.60386101 355.46513807
 0.475 408.91907031 398.46042507 383.49274495 371.73837918 362.66292494 355.51966370
 0.480 408.92430275 398.50467795 383.54598505 371.79018576 362.71123136 355.56426183
 0.485 408.92834753 398.53905448 383.58736851 371.83046321 362.74879144 355.59894071
 0.490 408.93122336 398.56358645 383.61691446 371.85922394 362.77561387 355.62370675
 0.495 408.93294356 398.57829656 383.63463656 371.87647684 362.79170484 355.63856455
 0.500 408.93351607 398.58319842 383.64054302 371.88222721 362.79706809 355.64351684
 0.505 408.93294356 398.57829656 383.63463656 371.87647684 362.79170484 355.63856455
 0.510 408.93122336 398.56358645 383.61691446 371.85922394 362.77561387 355.62370675
 0.515 408.92834753 398.53905448 383.58736851 371.83046321 362.74879144 355.59894071
 0.520 408.92430275 398.50467795 383.54598505 371.79018576 362.71123136 355.56426183
 0.525 408.91907031 398.46042507 383.49274495 371.73837918 362.66292494 355.51966370
 0.530 408.91262600 398.40625490 383.42762357 371.67502750 362.60386101 355.46513807
 0.535 408.90494001 398.34211733 383.35059080 371.60011118 362.53402591 355.40067486
 0.540 408.89597677 398.26795302 383.26161101 371.51360713 362.45340349 355.32626213
 0.545 408.88569481 398.18369337 383.16064304 371.41548866 362.36197510 355.24188613
 0.550 408.87404656 398.08926043 383.04764019 371.30572554 362.25971961 355.14753123
 0.555 408.86097813 397.98456685 382.92255020 371.18428390 362.14661337 355.04317999
 0.560 408.84642906 397.86951577 382.78531522 371.05112631 362.02263021 354.92881310
 0.565 408.83033201 397.74400077 382.63587175 370.90621171 361.88774147 354.80440940
 0.570 408.81261253 397.60790573 382.47415070 370.74949541 361.74191596 354.66994588
 0.575 408.79318862 397.46110476 382.30007726 370.58092910 361.58511995 354.52539766
 0.580 408.77197041 397.30346205 382.11357091 370.40046080 361.41731718 354.37073800
 0.585 408.74885974 397.13483178 381.91454539 370.20803485 361.23846885 354.20593828
 0.590 408.72374967 396.95505795 381.70290866 370.00359194 361.04853359 354.03096802
 0.595 408.69652402 396.76397426 381.47856282 369.78706901 360.84746749 353.84579485
 0.600 408.66705684 396.56140394 381.24140412 369.55839931 360.63522404 353.65038451
 0.605 408.63521177 396.34715959 380.99132285 369.31751233 360.41175417 353.44470085
 0.610 408.60084148 396.12104304 380.72820336 369.06433380 360.17700620 353.22870581
 0.615 408.56378695 395.88284509 380.45192394 368.79878564 359.93092583 353.00235944
 0.620 408.52387673 395.63234541 380.16235682 368.52078598 359.67345616 352.76561987
 0.625 408.48092617 395.36931226 379.85936806 368.23024911 359.40453766 352.51844329
 0.630 408.43473654 395.09350232 379.54281753 367.92708542 359.12410813 352.26078397
 0.635 408.38509413 394.80466045 379.21255880 367.61120146 358.83210272 351.99259425
 0.640 408.33176927 394.50251944 378.86843915 367.28249981 358.52845390 351.71382452
 0.645 408.27451522 394.18679979 378.51029939 366.94087913 358.21309146 351.42442320
 0.650 408.21306709 393.85720945 378.13797390 366.58623408 357.88594247 351.12433674
 0.655 408.14714056 393.51344351 377.75129045 366.21845531 357.54693126 350.81350964
 0.660 408.07643061 393.15518397 377.35007020 365.83742941 357.19597945 350.49188438
 0.665 408.00061009 392.78209941 376.93412759 365.44303890 356.83300587 350.15940148
 0.670 407.91932818 392.39384470 376.50327022 365.03516218 356.45792658 349.81599941
 0.675 407.83220881 391.99006068 376.05729882 364.61367347 356.07065486 349.46161465
 0.680 407.73884890 391.57037382 375.59600712 364.17844283 355.67110112 349.09618163
 0.685 407.63881650 391.13439588 375.11918177 363.72933603 355.25917299 348.71963275
 0.690 407.53164876 390.68172355 374.62660222 363.26621462 354.83477519 348.33189834
 0.695 407.41684987 390.21193808 374.11804065 362.78893579 354.39780959 347.93290668
 0.700 407.29388865 389.72460487 373.59326184 362.29735236 353.94817514 347.52258395
 0.705 407.16219621 389.21927312 373.05202306 361.79131278 353.48576784 347.10085423
 0.710 407.02116322 388.69547535 372.49407399 361.27066101 353.01048078 346.66763951
 0.715 406.87013716 388.15272701 371.91915657 360.73523650 352.52220404 346.22285965
 0.720 406.70841926 387.59052603 371.32700488 360.18487416 352.02082470 345.76643235
 0.725 406.53526129 387.00835232 370.71734505 359.61940430 351.50622681 345.29827317
 0.730 406.34986208 386.40566734 370.08989509 359.03865256 350.97829138 344.81829551
 0.735 406.15136384 385.78191356 369.44436481 358.44243987 350.43689631 344.32641056
 0.740 405.93884815 385.13651395 368.78045562 357.83058238 349.88191641 343.82252734
 0.745 405.71133175 384.46887149 368.09786047 357.20289144 349.31322333 343.30655260
 0.750 405.46776198 383.77836855 367.39626363 356.55917351 348.73068556 342.77839091
 0.755 405.20701188 383.06436637 366.67534061 355.89923011 348.13416839 342.23794455
 0.760 404.92787503 382.32620445 365.93475796 355.22285773 347.52353387 341.68511354
 0.765 404.62905991 381.56319993 365.17417316 354.52984784 346.89864079 341.11979559
 0.770 404.30918398 380.77464698 364.39323442 353.81998674 346.25934463 340.54188612
 0.775 403.96676723 379.95981613 363.59158055 353.09305556 345.60549756 339.95127823
 0.780 403.60022539 379.11795361 362.76884075 352.34883015 344.93694838 339.34786264
 0.785 403.20786254 378.24828064 361.92463451 351.58708104 344.25354247 338.73152772
 0.790 402.78786330 377.34999269 361.05857136 350.80757336 343.55512180 338.10215945
 0.795 402.33828442 376.42225880 360.17025073 350.01006673 342.84152486 337.45964139
 0.800 401.85704582 375.46422074 359.25926176 349.19431527 342.11258661 336.80385468
 0.805 401.34192089 374.47499227 358.32518309 348.36006745 341.36813850 336.13467799
 0.810 400.79052627 373.45365826 357.36758271 347.50706602 340.60800836 335.45198752
 0.815 400.20031077 372.39927392 356.38601770 346.63504797 339.83202042 334.75565698
 0.820 399.56854359 371.31086387 355.38003407 345.74374443 339.03999521 334.04555753
 0.825 398.89230169 370.18742124 354.34916653 344.83288057 338.23174959 333.32155782
 0.830 398.16845624 369.02790678 353.29293830 343.90217552 337.40709663 332.58352389
 0.835 397.39365817 367.83124785 352.21086085 342.95134233 336.56584565 331.83131922
 0.840 396.56432264 366.59633745 351.10243369 341.98008780 335.70780208 331.06480463
 0.845 395.67661252 365.32203321 349.96714417 340.98811246 334.83276751 330.28383832
 0.850 394.72642055 364.00715631 348.80446718 339.97511044 333.94053959 329.48827582
 0.855 393.70935040 362.65049038 347.61386497 338.94076939 333.03091197 328.67796994
 0.860 392.62069631 361.25078041 346.39478687 337.88477038 332.10367431 327.85277076
 0.865 391.45542132 359.80673158 345.14666903 336.80678780 331.15861217 327.01252563
 0.870 390.20813395 358.31700804 343.86893417 335.70648927 330.19550701 326.15707911
 0.875 388.87306327 356.78023168 342.56099132 334.58353552 329.21413610 325.28627292
 0.880 387.44403220 355.19498088 341.22223552 333.43758030 328.21427250 324.39994596
 0.885 385.91442892 353.55978917 339.85204759 332.26827025 327.19568499 323.49793427
 0.890 384.27717630 351.87314387 338.44979379 331.07524484 326.15813801 322.58007097
 0.895 382.52469911 350.13348473 337.01482555 329.85813620 325.10139162 321.64618626
 0.900 380.64888904 348.33920242 335.54647916 328.61656905 324.02520145 320.69610735
 0.905 378.64106710 346.48863713 334.04407550 327.35016057 322.92931862 319.72965849
 0.910 376.49194355 344.58007693 332.50691967 326.05852027 321.81348971 318.74666087
 0.915 374.19157486 342.61175627 330.93430072 324.74124987 320.67745667 317.74693265
 0.920 371.72931772 340.58185433 329.32549128 323.39794322 319.52095679 316.73028886
 0.925 369.09377981 338.48849328 327.67974724 322.02818612 318.34372263 315.69654143
 0.930 366.27276705 336.32973664 325.99630742 320.63155621 317.14548195 314.64549911
 0.935 363.25322725 334.10358738 324.27439321 319.20762285 315.92595764 313.57696745
 0.940 360.02118963 331.80798617 322.51320817 317.75594699 314.68486770 312.49074877
 0.945 356.56170027 329.44080940 320.71193774 316.27608102 313.42192510 311.38664212
 0.950 352.85875287 326.99986728 318.86974879 314.76756863 312.13683779 310.26444324
 0.955 348.89521468 324.48290176 316.98578928 313.22994468 310.82930858 309.12394451
 0.960 344.65274728 321.88758446 315.05918785 311.66273507 309.49903511 307.96493495
 0.965 340.11172168 319.21151453 313.08905340 310.06545655 308.14570974 306.78720012
 0.970 335.25112757 316.45221642 311.07447472 308.43761663 306.76901952 305.59052215
 0.975 330.04847601 313.60713758 309.01452002 306.77871336 305.36864606 304.37467965
 0.980 324.47969547 310.67364610 306.90823654 305.08823525 303.94426554 303.13944768
 0.985 318.51902041 307.64902830 304.75465009 303.36566104 302.49554856 301.88459772
 0.990 312.13887209 304.53048619 302.55276459 301.61045961 301.02216009 300.60989762
 0.995 305.30973093 301.31513490 300.30156163 299.82208973 299.52375941 299.31511156
 1.000 298.00000000 298.00000000 298.00000000 298.00000000 298.00000000 298.00000000
