     x            1            5           10           15           20           25
 0.000 298.00000000 298.00000000 298.00000000 298.00000000 298.00000000 298.00000000
 0.005 304.94994419 378.15472734 480.24478574 564.11104996 628.10463062 675.95390098
 0.010 311.46544152 436.19924408 575.81426702 665.16634737 718.88247198 751.21995115
 0.015 317.57364932 478.23252192 625.93106853 703.54195461 743.84612204 766.20849418
 0.020 323.30002729 508.67116703 652.21240604 718.11503756 750.71105532 769.19332495
 0.025 328.66844363 530.71349073 665.99438494 723.64914533 752.59889259 769.78772660
 0.030 333.70127451 546.67556895 673.22167855 725.75071499 753.11804251 769.90609623
 0.035 338.41949734 558.23460167 677.01168384 726.54878311 753.26080727 769.92966845
 0.040 342.84277820 566.60514313 678.99916917 726.85184836 753.30006718 769.93436265
 0.045 346.98955384 572.66671991 680.04140993 726.96693696 753.31086354 769.93529745
 0.050 350.87710848 577.05624635 680.58796278 727.01064170 753.31383251 769.93548361
 0.055 354.52164590 580.23494772 680.87457605 727.02723851 753.31464897 769.93552068
 0.060 357.93835695 582.53682298 681.02487654 727.03354112 753.31487349 769.93552806
 0.065 361.14148285 584.20373948 681.10369438 727.03593453 753.31493524 769.93552953
 0.070 364.14437461 585.41084686 681.14502659 727.03684343 753.31495221 769.93552983
 0.075 366.95954862 586.28498076 681.16670127 727.03718858 753.31495688 769.93552989
 0.080 369.59873885 586.91798996 681.17806751 727.03731965 753.31495817 769.93552990
 0.085 372.07294573 587.37638729 681.18402799 727.03736942 753.31495852 769.93552990
 0.090 374.39248204 587.70833841 681.18715367 727.03738833 753.31495862 769.93552990
 0.095 376.56701588 587.94872276 681.18879279 727.03739550 753.31495865 769.93552990
 0.100 378.60561095 588.12279851 681.18965234 727.03739823 753.31495865 769.93552990
 0.105 380.51676435 588.24885648 681.19010309 727.03739926 753.31495865 769.93552990
 0.110 382.30844197 588.34014210 681.19033947 727.03739966 753.31495866 769.93552990
 0.115 383.98811175 588.40624712 681.19046342 727.03739981 753.31495866 769.93552990
 0.120 385.56277472 588.45411745 681.19052843 727.03739986 753.31495866 769.93552990
 0.125 387.03899426 588.48878304 681.19056251 727.03739989 753.31495866 769.93552990
 0.130 388.42292343 588.51388633 681.19058039 727.03739989 753.31495866 769.93552990
 0.135 389.72033060 588.53206502 681.19058976 727.03739990 753.31495866 769.93552990
 0.140 390.93662351 588.54522923 681.19059468 727.03739990 753.31495866 769.93552990
 0.145 392.07687180 588.55476217 681.19059726 727.03739990 753.31495866 769.93552990
 0.150 393.14582817 588.56166550 681.19059861 727.03739990 753.31495866 769.93552990
 0.155 394.14794814 588.56666459 681.19059932 727.03739990 753.31495866 769.93552990
 0.160 395.08740866 588.57028471 681.19059969 727.03739990 753.31495866 769.93552990
 0.165 395.96812551 588.57290624 681.19059988 727.03739990 753.31495866 769.93552990
 0.170 396.79376962 588.57480464 681.19059999 727.03739990 753.31495866 769.93552990
 0.175 397.56778237 588.57617937 681.19060004 727.03739990 753.31495866 769.93552990
 0.180 398.29338993 588.57717490 681.19060007 727.03739990 753.31495866 769.93552990
 0.185 398.97361671 588.57789581 681.19060008 727.03739990 753.31495866 769.93552990
 0.190 399.61129798 588.57841787 681.19060009 727.03739990 753.31495866 769.93552990
 0.195 400.20909167 588.57879591 681.19060010 727.03739990 753.31495866 769.93552990
 0.200 400.76948944 588.57906968 681.19060010 727.03739990 753.31495866 769.93552990
 0.205 401.29482710 588.57926793 681.19060010 727.03739990 753.31495866 769.93552990
 0.210 401.78729432 588.57941149 681.19060010 727.03739990 753.31495866 769.93552990
 0.215 402.24894375 588.57951545 681.19060010 727.03739990 753.31495866 769.93552990
 0.220 402.68169961 588.57959074 681.19060010 727.03739990 753.31495866 769.93552990
 0.225 403.08736567 588.57964526 681.19060010 727.03739990 753.31495866 769.93552990
 0.230 403.46763278 588.57968474 681.19060010 727.03739990 753.31495866 769.93552990
 0.235 403.82408595 588.57971333 681.19060010 727.03739990 753.31495866 769.93552990
 0.240 404.15821092 588.57973403 681.19060010 727.03739990 753.31495866 769.93552990
 0.245 404.47140035 588.57974902 681.19060010 727.03739990 753.31495866 769.93552990
 0.250 404.76495966 588.57975988 681.19060010 727.03739990 753.31495866 769.93552990
 0.255 405.04011243 588.57976774 681.19060010 727.03739990 753.31495866 769.93552990
 0.260 405.29800553 588.57977343 681.19060010 727.03739990 753.31495866 769.93552990
 0.265 405.53971389 588.57977756 681.19060010 727.03739990 753.31495866 769.93552990
 0.270 405.76624497 588.57978054 681.19060010 727.03739990 753.31495866 769.93552990
 0.275 405.97854299 588.57978270 681.19060010 727.03739990 753.31495866 769.93552990
 0.280 406.17749283 588.57978427 681.19060010 727.03739990 753.31495866 769.93552990
 0.285 406.36392373 588.57978540 681.19060010 727.03739990 753.31495866 769.93552990
 0.290 406.53861275 588.57978622 681.19060010 727.03739990 753.31495866 769.93552990
 0.295 406.70228803 588.57978682 681.19060010 727.03739990 753.31495866 769.93552990
 0.300 406.85563177 588.57978725 681.19060010 727.03739990 753.31495866 769.93552990
 0.305 406.99928313 588.57978756 681.19060010 727.03739990 753.31495866 769.93552990
 0.310 407.13384088 588.57978779 681.19060010 727.03739990 753.31495866 769.93552990
 0.315 407.25986585 588.57978795 681.19060010 727.03739990 753.31495866 769.93552990
 0.320 407.37788333 588.57978807 681.19060010 727.03739990 753.31495866 769.93552990
 0.325 407.48838524 588.57978815 681.19060010 727.03739990 753.31495866 769.93552990
 0.330 407.59183216 588.57978822 681.19060010 727.03739990 753.31495866 769.93552990
 0.335 407.68865528 588.57978826 681.19060010 727.03739990 753.31495866 769.93552990
 0.340 407.77925814 588.57978829 681.19060010 727.03739990 753.31495866 769.93552990
 0.345 407.86401841 588.57978832 681.19060010 727.03739990 753.31495866 769.93552990
 0.350 407.94328938 588.57978833 681.19060010 727.03739990 753.31495866 769.93552990
 0.355 408.01740144 588.57978835 681.19060010 727.03739990 753.31495866 769.93552990
 0.360 408.08666352 588.57978836 681.19060010 727.03739990 753.31495866 769.93552990
 0.365 408.15136429 588.57978836 681.19060010 727.03739990 753.31495866 769.93552990
 0.370 408.21177345 588.57978837 681.19060010 727.03739990 753.31495866 769.93552990
 0.375 408.26814279 588.57978837 681.19060010 727.03739990 753.31495866 769.93552990
 0.380 408.32070725 588.57978837 681.19060010 727.03739990 753.31495866 769.93552990
 0.385 408.36968593 588.57978837 681.19060010 727.03739990 753.31495866 769.93552990
 0.390 408.41528299 588.57978838 681.19060010 727.03739990 753.31495866 769.93552990
 0.395 408.45768847 588.57978838 681.19060010 727.03739990 753.31495866 769.93552990
 0.400 408.49707913 588.57978838 681.19060010 727.03739990 753.31495866 769.93552990
 0.405 408.53361915 588.57978838 681.19060010 727.03739990 753.31495866 769.93552990
 0.410 408.56746083 588.57978838 681.19060010 727.03739990 753.31495866 769.93552990
 0.415 408.59874523 588.57978838 681.19060010 727.03739990 753.31495866 769.93552990
 0.420 408.62760275 588.57978838 681.19060010 727.03739990 753.31495866 769.93552990
 0.425 408.65415367 588.57978838 681.19060010 727.03739990 753.31495866 769.93552990
 0.430 408.67850865 588.57978838 681.19060010 727.03739990 753.31495866 769.93552990
 0.435 408.70076921 588.57978838 681.19060010 727.03739990 753.31495866 769.93552990
 0.440 408.72102814 588.57978838 681.19060010 727.03739990 753.31495866 769.93552990
 0.445 408.73936987 588.57978838 681.19060010 727.03739990 753.31495866 769.93552990
 0.450 408.75587086 588.57978838 681.19060010 727.03739990 753.31495866 769.93552990
 0.455 408.77059989 588.57978838 681.19060010 727.03739990 753.31495866 769.93552990
 0.460 408.78361834 588.57978838 681.19060010 727.03739990 753.31495866 769.93552990
 0.465 408.79498048 588.57978838 681.19060010 727.03739990 753.31495866 769.93552990
 0.470 408.80473366 588.57978838 681.19060010 727.03739990 753.31495866 769.93552990
 0.475 408.81291855 588.57978838 681.19060010 727.03739990 753.31495866 769.93552990
 0.480 408.81956925 588.57978838 681.19060010 727.03739990 753.31495866 769.93552990
 0.485 408.82471349 588.57978838 681.19060010 727.03739990 753.31495866 769.93552990
 0.490 408.82837271 588.57978838 681.19060010 727.03739990 753.31495866 769.93552990
 0.495 408.83056215 588.57978838 681.19060010 727.03739990 753.31495866 769.93552990
 0.500 408.83129096 588.57978838 681.19060010 727.03739990 753.31495866 769.93552990
 0.505 408.83056215 588.57978838 681.19060010 727.03739990 753.31495866 769.93552990
 0.510 408.82837271 588.57978838 681.19060010 727.03739990 753.31495866 769.93552990
 0.515 408.82471349 588.57978838 681.19060010 727.03739990 753.31495866 769.93552990
 0.520 408.81956925 588.57978838 681.19060010 727.03739990 753.31495866 769.93552990
 0.525 408.81291855 588.57978838 681.19060010 727.03739990 753.31495866 769.93552990
 0.530 408.80473366 588.57978838 681.19060010 727.03739990 753.31495866 769.93552990
 0.535 408.79498048 588.57978838 681.19060010 727.03739990 753.31495866 769.93552990
 0.540 408.78361834 588.57978838 681.19060010 727.03739990 753.31495866 769.93552990
 0.545 408.77059989 588.57978838 681.19060010 727.03739990 753.31495866 769.93552990
 0.550 408.75587086 588.57978838 681.19060010 727.03739990 753.31495866 769.93552990
 0.555 408.73936987 588.57978838 681.19060010 727.03739990 753.31495866 769.93552990
 0.560 408.72102814 588.57978838 681.19060010 727.03739990 753.31495866 769.93552990
 0.565 408.70076921 588.57978838 681.19060010 727.03739990 753.31495866 769.93552990
 0.570 408.67850865 588.57978838 681.19060010 727.03739990 753.31495866 769.93552990
 0.575 408.65415367 588.57978838 681.19060010 727.03739990 753.31495866 769.93552990
 0.580 408.62760275 588.57978838 681.19060010 727.03739990 753.31495866 769.93552990
 0.585 408.59874523 588.57978838 681.19060010 727.03739990 753.31495866 769.93552990
 0.590 408.56746083 588.57978838 681.19060010 727.03739990 753.31495866 769.93552990
 0.595 408.53361915 588.57978838 681.19060010 727.03739990 753.31495866 769.93552990
 0.600 408.49707913 588.57978838 681.19060010 727.03739990 753.31495866 769.93552990
 0.605 408.45768847 588.57978838 681.19060010 727.03739990 753.31495866 769.93552990
 0.610 408.41528299 588.57978838 681.19060010 727.03739990 753.31495866 769.93552990
 0.615 408.36968593 588.57978837 681.19060010 727.03739990 753.31495866 769.93552990
 0.620 408.32070725 588.57978837 681.19060010 727.03739990 753.31495866 769.93552990
 0.625 408.26814279 588.57978837 681.19060010 727.03739990 753.31495866 769.93552990
 0.630 408.21177345 588.57978837 681.19060010 727.03739990 753.31495866 769.93552990
 0.635 408.15136429 588.57978836 681.19060010 727.03739990 753.31495866 769.93552990
 0.640 408.08666352 588.57978836 681.19060010 727.03739990 753.31495866 769.93552990
 0.645 408.01740144 588.57978835 681.19060010 727.03739990 753.31495866 769.93552990
 0.650 407.94328938 588.57978833 681.19060010 727.03739990 753.31495866 769.93552990
 0.655 407.86401841 588.57978832 681.19060010 727.03739990 753.31495866 769.93552990
 0.660 407.77925814 588.57978829 681.19060010 727.03739990 753.31495866 769.93552990
 0.665 407.68865528 588.57978826 681.19060010 727.03739990 753.31495866 769.93552990
 0.670 407.59183216 588.57978822 681.19060010 727.03739990 753.31495866 769.93552990
 0.675 407.48838524 588.57978815 681.19060010 727.03739990 753.31495866 769.93552990
 0.680 407.37788333 588.57978807 681.19060010 727.03739990 753.31495866 769.93552990
 0.685 407.25986585 588.57978795 681.19060010 727.03739990 753.31495866 769.93552990
 0.690 407.13384088 588.57978779 681.19060010 727.03739990 753.31495866 769.93552990
 0.695 406.99928313 588.57978756 681.19060010 727.03739990 753.31495866 769.93552990
 0.700 406.85563177 588.57978725 681.19060010 727.03739990 753.31495866 769.93552990
 0.705 406.70228803 588.57978682 681.19060010 727.03739990 753.31495866 769.93552990
 0.710 406.53861275 588.57978622 681.19060010 727.03739990 753.31495866 769.93552990
 0.715 406.36392373 588.57978540 681.19060010 727.03739990 753.31495866 769.93552990
 0.720 406.17749283 588.57978427 681.19060010 727.03739990 753.31495866 769.93552990
 0.725 405.97854299 588.57978270 681.19060010 727.03739990 753.31495866 769.93552990
 0.730 405.76624497 588.57978054 681.19060010 727.03739990 753.31495866 769.93552990
 0.735 405.53971389 588.57977756 681.19060010 727.03739990 753.31495866 769.93552990
 0.740 405.29800553 588.57977343 681.19060010 727.03739990 753.31495866 769.93552990
 0.745 405.04011243 588.57976774 681.19060010 727.03739990 753.31495866 769.93552990
 0.750 404.76495966 588.57975988 681.19060010 727.03739990 753.31495866 769.93552990
 0.755 404.47140035 588.57974902 681.19060010 727.03739990 753.31495866 769.93552990
 0.760 404.15821092 588.57973403 681.19060010 727.03739990 753.31495866 769.93552990
 0.765 403.82408595 588.57971333 681.19060010 727.03739990 753.31495866 769.93552990
 0.770 403.46763278 588.57968474 681.19060010 727.03739990 753.31495866 769.93552990
 0.775 403.08736567 588.57964526 681.19060010 727.03739990 753.31495866 769.93552990
 0.780 402.68169961 588.57959074 681.19060010 727.03739990 753.31495866 769.93552990
 0.785 402.24894375 588.57951545 681.19060010 727.03739990 753.31495866 769.93552990
 0.790 401.78729432 588.57941149 681.19060010 727.03739990 753.31495866 769.93552990
 0.795 401.29482710 588.57926793 681.19060010 727.03739990 753.31495866 769.93552990
 0.800 400.76948944 588.57906968 681.19060010 727.03739990 753.31495866 769.93552990
 0.805 400.20909167 588.57879591 681.19060010 727.03739990 753.31495866 769.93552990
 0.810 399.61129798 588.57841787 681.19060009 727.03739990 753.31495866 769.93552990
 0.815 398.97361671 588.57789581 681.19060008 727.03739990 753.31495866 769.93552990
 0.820 398.29338993 588.57717490 681.19060007 727.03739990 753.31495866 769.93552990
 0.825 397.56778237 588.57617937 681.19060004 727.03739990 753.31495866 769.93552990
 0.830 396.79376962 588.57480464 681.19059999 727.03739990 753.31495866 769.93552990
 0.835 395.96812551 588.57290624 681.19059988 727.03739990 753.31495866 769.93552990
 0.840 395.08740866 588.57028471 681.19059969 727.03739990 753.31495866 769.93552990
 0.845 394.14794814 588.56666459 681.19059932 727.03739990 753.31495866 769.93552990
 0.850 393.14582817 588.56166550 681.19059861 727.03739990 753.31495866 769.93552990
 0.855 392.07687180 588.55476217 681.19059726 727.03739990 753.31495866 769.93552990
 0.860 390.93662351 588.54522923 681.19059468 727.03739990 753.31495866 769.93552990
 0.865 389.72033060 588.53206502 681.19058976 727.03739990 753.31495866 769.93552990
 0.870 388.42292343 588.51388633 681.19058039 727.03739989 753.31495866 769.93552990
 0.875 387.03899426 588.48878304 681.19056251 727.03739989 753.31495866 769.93552990
 0.880 385.56277472 588.45411745 681.19052843 727.03739986 753.31495866 769.93552990
 0.885 383.98811175 588.40624712 681.19046342 727.03739981 753.31495866 769.93552990
 0.890 382.30844197 588.34014210 681.19033947 727.03739966 753.31495866 769.93552990
 0.895 380.51676435 588.24885648 681.19010309 727.03739926 753.31495865 769.93552990
 0.900 378.60561095 588.12279851 681.18965234 727.03739823 753.31495865 769.93552990
 0.905 376.56701588 587.94872276 681.18879279 727.03739550 753.31495865 769.93552990
 0.910 374.39248204 587.70833841 681.18715367 727.03738833 753.31495862 769.93552990
 0.915 372.07294573 587.37638729 681.18402799 727.03736942 753.31495852 769.93552990
 0.920 369.59873885 586.91798996 681.17806751 727.03731965 753.31495817 769.93552990
 0.925 366.95954862 586.28498076 681.16670127 727.03718858 753.31495688 769.93552989
 0.930 364.14437461 585.41084686 681.14502659 727.03684343 753.31495221 769.93552983
 0.935 361.14148285 584.20373948 681.10369438 727.03593453 753.31493524 769.93552953
 0.940 357.93835695 582.53682298 681.02487654 727.03354112 753.31487349 769.93552806
 0.945 354.52164590 580.23494772 680.87457605 727.02723851 753.31464897 769.93552068
 0.950 350.87710848 577.05624635 680.58796278 727.01064170 753.31383251 769.93548361
 0.955 346.98955384 572.66671991 680.04140993 726.96693696 753.31086354 769.93529745
 0.960 342.84277820 566.60514313 678.99916917 726.85184836 753.30006718 769.93436265
 0.965 338.41949734 558.23460167 677.01168384 726.54878311 753.26080727 769.92966845
 0.970 333.70127451 546.67556895 673.22167855 725.75071499 753.11804251 769.90609623
 0.975 328.66844363 530.71349073 665.99438494 723.64914533 752.59889259 769.78772660
 0.980 323.30002729 508.67116703 652.21240604 718.11503756 750.71105532 769.19332495
 0.985 317.57364932 478.23252192 625.93106853 703.54195461 743.84612204 766.20849418
 0.990 311.46544152 436.19924408 575.81426702 665.16634737 718.88247198 751.21995115
 0.995 304.94994419 378.15472734 480.24478574 564.11104996 628.10463062 675.95390098
 1.000 298.00000000 298.00000000 298.00000000 298.00000000 298.00000000 298.00000000
