     x        0.005         0.01        0.015         0.02        0.025         0.03
 0.000 298.00000000 298.00000000 298.00000000 298.00000000 298.00000000 298.00000000
 0.005 307.69991589 304.94994419 303.70770247 302.95952197 302.44496018 302.06241271
 0.010 316.55356869 311.46544152 309.12235574 307.69771078 306.71200227 305.97603238
 0.015 324.63479007 317.57364932 314.25900400 312.22443937 310.80823897 309.74629524
 0.020 332.01097035 323.30002729 319.13191902 316.54914007 314.74049832 313.37843836
 0.025 338.74362037 328.66844363 323.75463982 320.68082424 318.51533497 316.87750698
 0.030 344.88888454 333.70127451 328.14001025 324.62810103 322.13904120 320.24836147
 0.035 350.49800895 338.41949734 332.30021472 328.39919538 325.61765735 323.49568412
 0.040 355.61776878 342.84277820 336.24681202 332.00196509 328.95698194 326.62398561
 0.045 360.29085834 346.98955384 339.99076748 335.44391724 332.16258126 329.63761132
 0.050 364.55624709 350.87710848 343.54248336 338.73222381 335.23979873 332.54074733
 0.055 368.44950461 354.52164590 346.91182783 341.87373662 338.19376376 335.33742622
 0.060 372.00309728 357.93835695 350.10816235 344.87500163 341.02940030 338.03153273
 0.065 375.24665891 361.14148285 353.14036769 347.74227256 343.75143507 340.62680910
 0.070 378.20723798 364.14437461 356.01686857 350.48152392 346.36440543 343.12686031
 0.075 380.90952312 366.95954862 358.74565714 353.09846349 348.87266693 345.53515904
 0.080 383.37604900 369.59873885 361.33431511 355.59854417 351.28040059 347.85505055
 0.085 385.62738428 372.07294573 363.79003488 357.98697536 353.59161986 350.08975728
 0.090 387.68230314 374.39248204 366.11963945 360.26873382 355.81017730 352.24238334
 0.095 389.55794178 376.56701588 368.32960145 362.44857405 357.93977102 354.31591884
 0.100 391.26994139 378.60561095 370.42606109 364.53103817 359.98395084 356.31324403
 0.105 392.83257853 380.51676435 372.41484322 366.52046539 361.94612420 358.23713329
 0.110 394.25888424 382.30844197 374.30147350 368.42100107 363.82956184 360.09025900
 0.115 395.56075264 383.98811175 376.09119380 370.23660536 365.63740326 361.87519524
 0.120 396.74904019 385.56277472 377.78897670 371.97106142 367.37266194 363.59442137
 0.125 397.83365614 387.03899426 379.39953936 373.62798332 369.03823040 365.25032549
 0.130 398.82364525 388.42292343 380.92735660 375.21082359 370.63688495 366.84520772
 0.135 399.72726316 389.72033060 382.37667335 376.72288038 372.17129039 368.38128345
 0.140 400.55204525 390.93662351 383.75151641 378.16730435 373.64400443 369.86068635
 0.145 401.30486947 392.07687180 385.05570568 379.54710526 375.05748192 371.28547139
 0.150 401.99201372 393.14582817 386.29286474 380.86515817 376.41407899 372.65761767
 0.155 402.61920818 394.14794814 387.46643095 382.12420952 377.71605695 373.97903116
 0.160 403.19168310 395.08740866 388.57966495 383.32688277 378.96558606 375.25154738
 0.165 403.71421241 395.96812551 389.63565979 384.47568394 380.16474916 376.47693391
 0.170 404.19115356 396.79376962 390.63734947 385.57300678 381.31554514 377.65689288
 0.175 404.62648381 397.56778237 391.58751709 386.62113776 382.41989224 378.79306330
 0.180 405.02383344 398.29338993 392.48880263 387.62226089 383.47963132 379.88702338
 0.185 405.38651599 398.97361671 393.34371023 388.57846218 384.49652884 380.94029267
 0.190 405.71755592 399.61129798 394.15461519 389.49173408 385.47227987 381.95433423
 0.195 406.01971381 400.20909167 394.92377055 390.36397957 386.40851088 382.93055660
 0.200 406.29550938 400.76948944 395.65331333 391.19701613 387.30678248 383.87031582
 0.205 406.54724254 401.29482710 396.34527052 391.99257957 388.16859200 384.77491724
 0.210 406.77701252 401.78729432 397.00156467 392.75232759 388.99537598 385.64561741
 0.215 406.98673539 402.24894375 397.62401924 393.47784328 389.78851259 386.48362577
 0.220 407.17816007 402.68169961 398.21436366 394.17063838 390.54932391 387.29010636
 0.225 407.35288286 403.08736567 398.77423816 394.83215649 391.27907813 388.06617942
 0.230 407.51236080 403.46763278 399.30519832 395.46377598 391.97899168 388.81292295
 0.235 407.65792380 403.82408595 399.80871935 396.06681298 392.65023123 389.53137421
 0.240 407.79078572 404.15821092 400.28620026 396.64252402 393.29391569 390.22253118
 0.245 407.91205451 404.47140035 400.73896769 397.19210871 393.91111801 390.88735390
 0.250 408.02274146 404.76495966 401.16827961 397.71671222 394.50286700 391.52676584
 0.255 408.12376959 405.04011243 401.57532884 398.21742766 395.07014904 392.14165519
 0.260 408.21598138 405.29800553 401.96124632 398.69529837 395.61390974 392.73287604
 0.265 408.30014581 405.53971389 402.32710431 399.15132008 396.13505549 393.30124964
 0.270 408.37696474 405.76624497 402.67391930 399.58644301 396.63445498 393.84756549
 0.275 408.44707875 405.97854299 403.00265490 400.00157382 397.11294067 394.37258244
 0.280 408.51107255 406.17749283 403.31422446 400.39757751 397.57131015 394.87702977
 0.285 408.56947978 406.36392373 403.60949367 400.77527924 398.01032746 395.36160819
 0.290 408.62278752 406.53861275 403.88928291 401.13546603 398.43072441 395.82699079
 0.295 408.67144029 406.70228803 404.15436954 401.47888838 398.83320175 396.27382401
 0.300 408.71584382 406.85563177 404.40549009 401.80626189 399.21843037 396.70272853
 0.305 408.75636840 406.99928313 404.64334228 402.11826871 399.58705241 397.11430013
 0.310 408.79335197 407.13384088 404.86858696 402.41555896 399.93968233 397.50911048
 0.315 408.82710294 407.25986585 405.08184996 402.69875210 400.27690792 397.88770800
 0.320 408.85790276 407.37788333 405.28372380 402.96843823 400.59929130 398.25061859
 0.325 408.88600827 407.48838524 405.47476939 403.22517928 400.90736986 398.59834635
 0.330 408.91165385 407.59183216 405.65551752 403.46951023 401.20165713 398.93137428
 0.335 408.93505336 407.68865528 405.82647039 403.70194019 401.48264365 399.25016498
 0.340 408.95640194 407.77925814 405.98810298 403.92295347 401.75079781 399.55516126
 0.345 408.97587760 407.86401841 406.14086438 404.13301059 402.00656658 399.84678678
 0.350 408.99364277 407.94328938 406.28517901 404.33254925 402.25037631 400.12544662
 0.355 409.00984558 408.01740144 406.42144784 404.52198523 402.48263341 400.39152786
 0.360 409.02462116 408.08666352 406.55004949 404.70171325 402.70372502 400.64540009
 0.365 409.03809272 408.15136429 406.67134127 404.87210782 402.91401968 400.88741595
 0.370 409.05037260 408.21177345 406.78566018 405.03352398 403.11386793 401.11791162
 0.375 409.06156320 408.26814279 406.89332383 405.18629807 403.30360290 401.33720727
 0.380 409.07175785 408.32070725 406.99463137 405.33074844 403.48354085 401.54560751
 0.385 409.08104155 408.36968593 407.08986428 405.46717606 403.65398173 401.74340181
 0.390 409.08949173 408.41528299 407.17928714 405.59586522 403.81520964 401.93086493
 0.395 409.09717885 408.45768847 407.26314842 405.71708407 403.96749333 402.10825726
 0.400 409.10416702 408.49707913 407.34168111 405.83108517 404.11108665 402.27582521
 0.405 409.11051452 408.53361915 407.41510341 405.93810609 404.24622894 402.43380153
 0.410 409.11627426 408.56746083 407.48361932 406.03836982 404.37314548 402.58240566
 0.415 409.12149429 408.59874523 407.54741921 406.13208527 404.49204783 402.72184403
 0.420 409.12621814 408.62760275 407.60668034 406.21944773 404.60313418 402.85231031
 0.425 409.13048520 408.65415367 407.66156736 406.30063922 404.70658970 402.97398574
 0.430 409.13433105 408.67850865 407.71223277 406.37582893 404.80258684 403.08703933
 0.435 409.13778777 408.70076921 407.75881734 406.44517353 404.89128563 403.19162810
 0.440 409.14088417 408.72102814 407.80145050 406.50881751 404.97283390 403.28789735
 0.445 409.14364609 408.73936987 407.84025071 406.56689349 405.04736760 403.37598079
 0.450 409.14609654 408.75587086 407.87532577 406.61952248 405.11501096 403.45600078
 0.455 409.14825598 408.77059989 407.90677312 406.66681414 405.17587674 403.52806847
 0.460 409.15014240 408.78361834 407.93468015 406.70886702 405.23006640 403.59228397
 0.465 409.15177154 408.79498048 407.95912440 406.74576873 405.27767026 403.64873646
 0.470 409.15315698 408.80473366 407.98017377 406.77759618 405.31876768 403.69750438
 0.475 409.15431027 408.81291855 407.99788676 406.80441567 405.35342715 403.73865545
 0.480 409.15524104 408.81956925 408.01231258 406.82628310 405.38170647 403.77224685
 0.485 409.15595704 408.82471349 408.02349130 406.84324403 405.40365275 403.79832522
 0.490 409.15646425 408.82837271 408.03145399 406.85533380 405.41930259 403.81692680
 0.495 409.15676689 408.83056215 408.03622277 406.86257759 405.42868207 403.82807742
 0.500 409.15686749 408.83129096 408.03781090 406.86499052 405.43180683 403.83179258
 0.505 409.15676689 408.83056215 408.03622277 406.86257759 405.42868207 403.82807742
 0.510 409.15646425 408.82837271 408.03145399 406.85533380 405.41930259 403.81692680
 0.515 409.15595704 408.82471349 408.02349130 406.84324403 405.40365275 403.79832522
 0.520 409.15524104 408.81956925 408.01231258 406.82628310 405.38170647 403.77224685
 0.525 409.15431027 408.81291855 407.99788676 406.80441567 405.35342715 403.73865545
 0.530 409.15315698 408.80473366 407.98017377 406.77759618 405.31876768 403.69750438
 0.535 409.15177154 408.79498048 407.95912440 406.74576873 405.27767026 403.64873646
 0.540 409.15014240 408.78361834 407.93468015 406.70886702 405.23006640 403.59228397
 0.545 409.14825598 408.77059989 407.90677312 406.66681414 405.17587674 403.52806847
 0.550 409.14609654 408.75587086 407.87532577 406.61952248 405.11501096 403.45600078
 0.555 409.14364609 408.73936987 407.84025071 406.56689349 405.04736760 403.37598079
 0.560 409.14088417 408.72102814 407.80145050 406.50881751 404.97283390 403.28789735
 0.565 409.13778777 408.70076921 407.75881734 406.44517353 404.89128563 403.19162810
 0.570 409.13433105 408.67850865 407.71223277 406.37582893 404.80258684 403.08703933
 0.575 409.13048520 408.65415367 407.66156736 406.30063922 404.70658970 402.97398574
 0.580 409.12621814 408.62760275 407.60668034 406.21944773 404.60313418 402.85231031
 0.585 409.12149429 408.59874523 407.54741921 406.13208527 404.49204783 402.72184403
 0.590 409.11627426 408.56746083 407.48361932 406.03836982 404.37314548 402.58240566
 0.595 409.11051452 408.53361915 407.41510341 405.93810609 404.24622894 402.43380153
 0.600 409.10416702 408.49707913 407.34168111 405.83108517 404.11108665 402.27582521
 0.605 409.09717885 408.45768847 407.26314842 405.71708407 403.96749333 402.10825726
 0.610 409.08949173 408.41528299 407.17928714 405.59586522 403.81520964 401.93086493
 0.615 409.08104155 408.36968593 407.08986428 405.46717606 403.65398173 401.74340181
 0.620 409.07175785 408.32070725 406.99463137 405.33074844 403.48354085 401.54560751
 0.625 409.06156320 408.26814279 406.89332383 405.18629807 403.30360290 401.33720727
 0.630 409.05037260 408.21177345 406.78566018 405.03352398 403.11386793 401.11791162
 0.635 409.03809272 408.15136429 406.67134127 404.87210782 402.91401968 400.88741595
 0.640 409.02462116 408.08666352 406.55004949 404.70171325 402.70372502 400.64540009
 0.645 409.00984558 408.01740144 406.42144784 404.52198523 402.48263341 400.39152786
 0.650 408.99364277 407.94328938 406.28517901 404.33254925 402.25037631 400.12544662
 0.655 408.97587760 407.86401841 406.14086438 404.13301059 402.00656658 399.84678678
 0.660 408.95640194 407.77925814 405.98810298 403.92295347 401.75079781 399.55516126
 0.665 408.93505336 407.68865528 405.82647039 403.70194019 401.48264365 399.25016498
 0.670 408.91165385 407.59183216 405.65551752 403.46951023 401.20165713 398.93137428
 0.675 408.88600827 407.48838524 405.47476939 403.22517928 400.90736986 398.59834635
 0.680 408.85790276 407.37788333 405.28372380 402.96843823 400.59929130 398.25061859
 0.685 408.82710294 407.25986585 405.08184996 402.69875210 400.27690792 397.88770800
 0.690 408.79335197 407.13384088 404.86858696 402.41555896 399.93968233 397.50911048
 0.695 408.75636840 406.99928313 404.64334228 402.11826871 399.58705241 397.11430013
 0.700 408.71584382 406.85563177 404.40549009 401.80626189 399.21843037 396.70272853
 0.705 408.67144029 406.70228803 404.15436954 401.47888838 398.83320175 396.27382401
 0.710 408.62278752 406.53861275 403.88928291 401.13546603 398.43072441 395.82699079
 0.715 408.56947978 406.36392373 403.60949367 400.77527924 398.01032746 395.36160819
 0.720 408.51107255 406.17749283 403.31422446 400.39757751 397.57131015 394.87702977
 0.725 408.44707875 405.97854299 403.00265490 400.00157382 397.11294067 394.37258244
 0.730 408.37696474 405.76624497 402.67391930 399.58644301 396.63445498 393.84756549
 0.735 408.30014581 405.53971389 402.32710431 399.15132008 396.13505549 393.30124964
 0.740 408.21598138 405.29800553 401.96124632 398.69529837 395.61390974 392.73287604
 0.745 408.12376959 405.04011243 401.57532884 398.21742766 395.07014904 392.14165519
 0.750 408.02274146 404.76495966 401.16827961 397.71671222 394.50286700 391.52676584
 0.755 407.91205451 404.47140035 400.73896769 397.19210871 393.91111801 390.88735390
 0.760 407.79078572 404.15821092 400.28620026 396.64252402 393.29391569 390.22253118
 0.765 407.65792380 403.82408595 399.80871935 396.06681298 392.65023123 389.53137421
 0.770 407.51236080 403.46763278 399.30519832 395.46377598 391.97899168 388.81292295
 0.775 407.35288286 403.08736567 398.77423816 394.83215649 391.27907813 388.06617942
 0.780 407.17816007 402.68169961 398.21436366 394.17063838 390.54932391 387.29010636
 0.785 406.98673539 402.24894375 397.62401924 393.47784328 389.78851259 386.48362577
 0.790 406.77701252 401.78729432 397.00156467 392.75232759 388.99537598 385.64561741
 0.795 406.54724254 401.29482710 396.34527052 391.99257957 388.16859200 384.77491724
 0.800 406.29550938 400.76948944 395.65331333 391.19701613 387.30678248 383.87031582
 0.805 406.01971381 400.20909167 394.92377055 390.36397957 386.40851088 382.93055660
 0.810 405.71755592 399.61129798 394.15461519 389.49173408 385.47227987 381.95433423
 0.815 405.38651599 398.97361671 393.34371023 388.57846218 384.49652884 380.94029267
 0.820 405.02383344 398.29338993 392.48880263 387.62226089 383.47963132 379.88702338
 0.825 404.62648381 397.56778237 391.58751709 386.62113776 382.41989224 378.79306330
 0.830 404.19115356 396.79376962 390.63734947 385.57300678 381.31554514 377.65689288
 0.835 403.71421241 395.96812551 389.63565979 384.47568394 380.16474916 376.47693391
 0.840 403.19168310 395.08740866 388.57966495 383.32688277 378.96558606 375.25154738
 0.845 402.61920818 394.14794814 387.46643095 382.12420952 377.71605695 373.97903116
 0.850 401.99201372 393.14582817 386.29286474 380.86515817 376.41407899 372.65761767
 0.855 401.30486947 392.07687180 385.05570568 379.54710526 375.05748192 371.28547139
 0.860 400.55204525 390.93662351 383.75151641 378.16730435 373.64400443 369.86068635
 0.865 399.72726316 389.72033060 382.37667335 376.72288038 372.17129039 368.38128345
 0.870 398.82364525 388.42292343 380.92735660 375.21082359 370.63688495 366.84520772
 0.875 397.83365614 387.03899426 379.39953936 373.62798332 369.03823040 365.25032549
 0.880 396.74904019 385.56277472 377.78897670 371.97106142 367.37266194 363.59442137
 0.885 395.56075264 383.98811175 376.09119380 370.23660536 365.63740326 361.87519524
 0.890 394.25888424 382.30844197 374.30147350 368.42100107 363.82956184 360.09025900
 0.895 392.83257853 380.51676435 372.41484322 366.52046539 361.94612420 358.23713329
 0.900 391.26994139 378.60561095 370.42606109 364.53103817 359.98395084 356.31324403
 0.905 389.55794178 376.56701588 368.32960145 362.44857405 357.93977102 354.31591884
 0.910 387.68230314 374.39248204 366.11963945 360.26873382 355.81017730 352.24238334
 0.915 385.62738428 372.07294573 363.79003488 357.98697536 353.59161986 350.08975728
 0.920 383.37604900 369.59873885 361.33431511 355.59854417 351.28040059 347.85505055
 0.925 380.90952312 366.95954862 358.74565714 353.09846349 348.87266693 345.53515904
 0.930 378.20723798 364.14437461 356.01686857 350.48152392 346.36440543 343.12686031
 0.935 375.24665891 361.14148285 353.14036769 347.74227256 343.75143507 340.62680910
 0.940 372.00309728 357.93835695 350.10816235 344.87500163 341.02940030 338.03153273
 0.945 368.44950461 354.52164590 346.91182783 341.87373662 338.19376376 335.33742622
 0.950 364.55624709 350.87710848 343.54248336 338.73222381 335.23979873 332.54074733
 0.955 360.29085834 346.98955384 339.99076748 335.44391724 332.16258126 329.63761132
 0.960 355.61776878 342.84277820 336.24681202 332.00196509 328.95698194 326.62398561
 0.965 350.49800895 338.41949734 332.30021472 328.39919538 325.61765735 323.49568412
 0.970 344.88888454 333.70127451 328.14001025 324.62810103 322.13904120 320.24836147
 0.975 338.74362037 328.66844363 323.75463982 320.68082424 318.51533497 316.87750698
 0.980 332.01097035 323.30002729 319.13191902 316.54914007 314.74049832 313.37843836
 0.985 324.63479007 317.57364932 314.25900400 312.22443937 310.80823897 309.74629524
 0.990 316.55356869 311.46544152 309.12235574 307.69771078 306.71200227 305.97603238
 0.995 307.69991589 304.94994419 303.70770247 302.95952197 302.44496018 302.06241271
 1.000 298.00000000 298.00000000 298.00000000 298.00000000 298.00000000 298.00000000
