     x        0.001         0.01          0.1            1           10          100
 0.000 350.64786086 349.55873794 342.86816624 316.56055603 291.14663796 287.49516778
 0.005 347.44850995 347.00490305 344.27978943 333.56452765 323.21327253 321.72600483
 0.010 344.44915315 344.61071054 345.60317085 349.50556669 353.27539478 353.81704344
 0.015 341.63728882 342.36618113 346.84382653 364.45011720 381.45830703 383.90204270
 0.020 339.00119677 340.26195937 348.00692766 378.46046978 407.87947889 412.10640030
 0.025 336.52988949 338.28927462 349.09732216 391.59502117 432.64903678 438.54767521
 0.030 334.21306627 336.43990451 350.11955494 403.90851766 455.87022305 463.33607768
 0.035 332.04107034 334.70614066 351.07788676 415.45228332 477.63982624 486.57492857
 0.040 330.00484857 333.08075653 351.97631208 426.27443386 498.04858452 508.36109006
 0.045 328.09591375 331.55697735 352.81857562 436.42007724 517.18156392 528.78536934
 0.050 326.30630924 330.12845183 353.60818804 445.93150165 535.11851287 547.93289714
 0.055 324.62857575 328.78922571 354.34844054 454.84835180 551.93419462 565.88348252
 0.060 323.05572030 327.53371694 355.04241856 463.20779412 567.69869883 582.71194557
 0.065 321.58118705 326.35669243 355.69301469 471.04467173 582.47773375 598.48842922
 0.070 320.19882997 325.25324620 356.30294068 478.39164961 596.33290007 613.27869166
 0.075 318.90288726 324.21877896 356.87473878 485.27935082 609.32194771 627.14438038
 0.080 317.68795727 323.24897894 357.41079231 491.73648406 621.49901650 640.14328915
 0.085 316.54897603 322.33980389 357.91333560 497.78996340 632.91486183 652.32959889
 0.090 315.48119614 321.48746427 358.38446330 503.46502044 643.61706624 663.75410353
 0.095 314.48016697 320.68840744 358.82613913 508.78530945 653.65023775 674.46442171
 0.100 313.54171613 319.93930284 359.24020405 513.77300601 663.05619575 684.50519524
 0.105 312.66193203 319.23702811 359.62838392 518.44889940 671.87414534 693.91827521
 0.110 311.83714765 318.57865608 359.99229672 522.83247927 680.14084074 702.74289641
 0.115 311.06392518 317.96144260 360.33345928 526.94201690 687.89073847 711.01584086
 0.120 310.33904174 317.38281504 360.65329361 530.79464128 695.15614100 718.77159113
 0.125 309.65947595 316.84036163 360.95313282 534.40641061 701.96733133 726.04247408
 0.130 309.02239529 316.33182135 361.23422666 537.79237914 708.35269929 732.85879556
 0.135 308.42514433 315.85507454 361.49774676 540.96665998 714.33885982 739.24896679
 0.140 307.86523367 315.40813408 361.74479152 543.94248389 719.95076390 745.23962272
 0.145 307.34032954 314.98913707 361.97639064 546.73225444 725.21180261 750.85573308
 0.150 306.84824407 314.59633707 362.19350944 549.34759972 730.14390454 756.12070646
 0.155 306.38692621 314.22809686 362.39705292 551.79942077 734.76762726 761.05648787
 0.160 305.95445311 313.88288156 362.58786945 554.09793708 739.10224296 765.68365021
 0.165 305.54902219 313.55925228 362.76675438 556.25272911 743.16581882 770.02148002
 0.170 305.16894356 313.25586010 362.93445334 558.27277828 746.97529229 774.08805785
 0.175 304.81263302 312.97144044 363.09166530 560.16650440 750.54654167 777.90033368
 0.180 304.47860542 312.70480781 363.23904554 561.94180071 753.89445236 781.47419750
 0.185 304.16546849 312.45485086 363.37720836 563.60606687 757.03297881 784.82454558
 0.190 303.87191704 312.22052773 363.50672964 565.16623972 759.97520276 787.96534255
 0.195 303.59672753 312.00086174 363.62814923 566.62882224 762.73338774 790.90967961
 0.200 303.33875292 311.79493730 363.74197324 567.99991063 765.31903017 793.66982909
 0.205 303.09691795 311.60189609 363.84867609 569.28521976 767.74290731 796.25729561
 0.210 302.87021463 311.42093349 363.94870252 570.49010693 770.01512215 798.68286402
 0.215 302.65769803 311.25129523 364.04246947 571.61959426 772.14514554 800.95664437
 0.220 302.45848235 311.09227424 364.13036776 572.67838956 774.14185566 803.08811404
 0.225 302.27173724 310.94320770 364.21276376 573.67090604 776.01357503 805.08615722
 0.230 302.09668433 310.80347429 364.29000091 574.60128059 777.76810518 806.95910200
 0.235 301.93259398 310.67249158 364.36240114 575.47339114 779.41275920 808.71475501
 0.240 301.77878224 310.54971361 364.43026622 576.29087273 780.95439218 810.36043403
 0.245 301.63460800 310.43462864 364.49387903 577.05713273 782.39942984 811.90299842
 0.250 301.49947034 310.32675699 364.55350470 577.77536499 783.75389525 813.34887777
 0.255 301.37280597 310.22564902 364.60939178 578.44856319 785.02343398 814.70409867
 0.260 301.25408696 310.13088331 364.66177319 579.07953328 786.21333761 815.97430983
 0.265 301.14281846 310.04206486 364.71086727 579.67090524 787.32856579 817.16480564
 0.270 301.03853670 309.95882348 364.75687865 580.22514395 788.37376692 818.28054823
 0.275 300.94080701 309.88081219 364.79999911 580.74455956 789.35329753 819.32618812
 0.280 300.84922205 309.80770584 364.84040839 581.23131705 790.27124039 820.30608368
 0.285 300.76340009 309.73919972 364.87827490 581.68744527 791.13142161 821.22431920
 0.290 300.68298340 309.67500828 364.91375649 582.11484543 791.93742651 822.08472202
 0.295 300.60763681 309.61486397 364.94700105 582.51529896 792.69261463 822.89087837
 0.300 300.53704625 309.55851609 364.97814714 582.89047502 793.40013365 823.64614841
 0.305 300.47091750 309.50572979 365.00732458 583.24193737 794.06293262 824.35368020
 0.310 300.40897492 309.45628504 365.03465499 583.57115095 794.68377414 825.01642281
 0.315 300.35096034 309.40997575 365.06025229 583.87948796 795.26524596 825.63713862
 0.320 300.29663194 309.36660890 365.08422316 584.16823359 795.80977171 826.21841484
 0.325 300.24576327 309.32600374 365.10666752 584.43859135 796.31962104 826.76267431
 0.330 300.19814232 309.28799100 365.12767892 584.69168813 796.79691907 827.27218556
 0.335 300.15357058 309.25241227 365.14734494 584.92857887 797.24365522 827.74907228
 0.340 300.11186227 309.21911923 365.16574755 585.15025096 797.66169154 828.19532220
 0.345 300.07284357 309.18797312 365.18296345 585.35762834 798.05277045 828.61279534
 0.350 300.03635182 309.15884411 365.19906441 585.55157539 798.41852202 829.00323177
 0.355 300.00223492 309.13161080 365.21411752 585.73290051 798.76047073 829.36825888
 0.360 299.97035068 309.10615968 365.22818554 585.90235948 799.08004188 829.70939813
 0.365 299.94056620 309.08238465 365.24132710 586.06065861 799.37856747 830.02807145
 0.370 299.91275733 309.06018663 365.25359698 586.20845773 799.65729178 830.32560708
 0.375 299.88680816 309.03947309 365.26504632 586.34637288 799.91737658 830.60324521
 0.380 299.86261053 309.02015769 365.27572284 586.47497889 800.15990592 830.86214304
 0.385 299.84006359 309.00215992 365.28567104 586.59481182 800.38589069 831.10337971
 0.390 299.81907335 308.98540477 365.29493239 586.70637114 800.59627283 831.32796071
 0.395 299.79955233 308.96982240 365.30354549 586.81012184 800.79192924 831.53682212
 0.400 299.78141916 308.95534786 365.31154624 586.90649637 800.97367542 831.73083449
 0.405 299.76459825 308.94192082 365.31896799 586.99589644 801.14226892 831.91080650
 0.410 299.74901951 308.92948532 365.32584167 587.07869466 801.29841246 832.07748829
 0.415 299.73461798 308.91798951 365.33219593 587.15523615 801.44275685 832.23157460
 0.420 299.72133366 308.90738550 365.33805727 587.22583994 801.57590375 832.37370769
 0.425 299.70911116 308.89762906 365.34345010 587.29080033 801.69840813 832.50447999
 0.430 299.69789954 308.88867955 365.34839691 587.35038806 801.81078059 832.62443655
 0.435 299.68765206 308.88049966 365.35291832 587.40485152 801.91348952 832.73407739
 0.440 299.67832603 308.87305529 365.35703317 587.45441770 802.00696302 832.83385949
 0.445 299.66988256 308.86631541 365.36075861 587.49929322 802.09159070 832.92419876
 0.450 299.66228646 308.86025194 365.36411017 587.53966510 802.16772530 833.00547174
 0.455 299.65550608 308.85483959 365.36710183 587.57570164 802.23568415 833.07801719
 0.460 299.64951314 308.85005582 365.36974604 587.60755302 802.29575051 833.14213748
 0.465 299.64428267 308.84588067 365.37205384 587.63535202 802.34817475 833.19809987
 0.470 299.63979287 308.84229676 365.37403484 587.65921450 802.39317538 833.24613763
 0.475 299.63602502 308.83928913 365.37569729 587.67923993 802.43093997 833.28645098
 0.480 299.63296342 308.83684525 365.37704814 587.69551176 802.46162592 833.31920795
 0.485 299.63059531 308.83495494 365.37809300 587.70809783 802.48536114 833.34454507
 0.490 299.62891082 308.83361032 365.37883623 587.71705060 802.50224455 833.36256796
 0.495 299.62790293 308.83280579 365.37928094 587.72240737 802.51234653 833.37335173
 0.500 299.62756743 308.83253798 365.37942897 587.72419049 802.51570918 833.37694133
 0.505 299.62790293 308.83280579 365.37928094 587.72240737 802.51234653 833.37335173
 0.510 299.62891082 308.83361032 365.37883623 587.71705060 802.50224455 833.36256796
 0.515 299.63059531 308.83495494 365.37809300 587.70809783 802.48536114 833.34454507
 0.520 299.63296342 308.83684525 365.37704814 587.69551176 802.46162592 833.31920795
 0.525 299.63602502 308.83928913 365.37569729 587.67923993 802.43093997 833.28645098
 0.530 299.63979287 308.84229676 365.37403484 587.65921450 802.39317538 833.24613763
 0.535 299.64428267 308.84588067 365.37205384 587.63535202 802.34817475 833.19809987
 0.540 299.64951314 308.85005582 365.36974604 587.60755302 802.29575051 833.14213748
 0.545 299.65550608 308.85483959 365.36710183 587.57570164 802.23568415 833.07801719
 0.550 299.66228646 308.86025194 365.36411017 587.53966510 802.16772530 833.00547174
 0.555 299.66988256 308.86631541 365.36075861 587.49929322 802.09159070 832.92419876
 0.560 299.67832603 308.87305529 365.35703317 587.45441770 802.00696302 832.83385949
 0.565 299.68765206 308.88049966 365.35291832 587.40485152 801.91348952 832.73407739
 0.570 299.69789954 308.88867955 365.34839691 587.35038806 801.81078059 832.62443655
 0.575 299.70911116 308.89762906 365.34345010 587.29080033 801.69840813 832.50447999
 0.580 299.72133366 308.90738550 365.33805727 587.22583994 801.57590375 832.37370769
 0.585 299.73461798 308.91798951 365.33219593 587.15523615 801.44275685 832.23157460
 0.590 299.74901951 308.92948532 365.32584167 587.07869466 801.29841246 832.07748829
 0.595 299.76459825 308.94192082 365.31896799 586.99589644 801.14226892 831.91080650
 0.600 299.78141916 308.95534786 365.31154624 586.90649637 800.97367542 831.73083449
 0.605 299.79955233 308.96982240 365.30354549 586.81012184 800.79192924 831.53682212
 0.610 299.81907335 308.98540477 365.29493239 586.70637114 800.59627283 831.32796071
 0.615 299.84006359 309.00215992 365.28567104 586.59481182 800.38589069 831.10337971
 0.620 299.86261053 309.02015769 365.27572284 586.47497889 800.15990592 830.86214304
 0.625 299.88680816 309.03947309 365.26504632 586.34637288 799.91737658 830.60324521
 0.630 299.91275733 309.06018663 365.25359698 586.20845773 799.65729178 830.32560708
 0.635 299.94056620 309.08238465 365.24132710 586.06065861 799.37856747 830.02807145
 0.640 299.97035068 309.10615968 365.22818554 585.90235948 799.08004188 829.70939813
 0.645 300.00223492 309.13161080 365.21411752 585.73290051 798.76047073 829.36825888
 0.650 300.03635182 309.15884411 365.19906441 585.55157539 798.41852202 829.00323177
 0.655 300.07284357 309.18797312 365.18296345 585.35762834 798.05277045 828.61279534
 0.660 300.11186227 309.21911923 365.16574755 585.15025096 797.66169154 828.19532220
 0.665 300.15357058 309.25241227 365.14734494 584.92857887 797.24365522 827.74907228
 0.670 300.19814232 309.28799100 365.12767892 584.69168813 796.79691907 827.27218556
 0.675 300.24576327 309.32600374 365.10666752 584.43859135 796.31962104 826.76267431
 0.680 300.29663194 309.36660890 365.08422316 584.16823359 795.80977171 826.21841484
 0.685 300.35096034 309.40997575 365.06025229 583.87948796 795.26524596 825.63713862
 0.690 300.40897492 309.45628504 365.03465499 583.57115095 794.68377414 825.01642281
 0.695 300.47091750 309.50572979 365.00732458 583.24193737 794.06293262 824.35368020
 0.700 300.53704625 309.55851609 364.97814714 582.89047502 793.40013365 823.64614841
 0.705 300.60763681 309.61486397 364.94700105 582.51529896 792.69261463 822.89087837
 0.710 300.68298340 309.67500828 364.91375649 582.11484543 791.93742651 822.08472202
 0.715 300.76340009 309.73919972 364.87827490 581.68744527 791.13142161 821.22431920
 0.720 300.84922205 309.80770584 364.84040839 581.23131705 790.27124039 820.30608368
 0.725 300.94080701 309.88081219 364.79999911 580.74455956 789.35329753 819.32618812
 0.730 301.03853670 309.95882348 364.75687865 580.22514395 788.37376692 818.28054823
 0.735 301.14281846 310.04206486 364.71086727 579.67090524 787.32856579 817.16480564
 0.740 301.25408696 310.13088331 364.66177319 579.07953328 786.21333761 815.97430983
 0.745 301.37280597 310.22564902 364.60939178 578.44856319 785.02343398 814.70409867
 0.750 301.49947034 310.32675699 364.55350470 577.77536499 783.75389525 813.34887777
 0.755 301.63460800 310.43462864 364.49387903 577.05713273 782.39942984 811.90299842
 0.760 301.77878224 310.54971361 364.43026622 576.29087273 780.95439218 810.36043403
 0.765 301.93259398 310.67249158 364.36240114 575.47339114 779.41275920 808.71475501
 0.770 302.09668433 310.80347429 364.29000091 574.60128059 777.76810518 806.95910200
 0.775 302.27173724 310.94320770 364.21276376 573.67090604 776.01357503 805.08615722
 0.780 302.45848235 311.09227424 364.13036776 572.67838956 774.14185566 803.08811404
 0.785 302.65769803 311.25129523 364.04246947 571.61959426 772.14514554 800.95664437
 0.790 302.87021463 311.42093349 363.94870252 570.49010693 770.01512215 798.68286402
 0.795 303.09691795 311.60189609 363.84867609 569.28521976 767.74290731 796.25729561
 0.800 303.33875292 311.79493730 363.74197324 567.99991063 765.31903017 793.66982909
 0.805 303.59672753 312.00086174 363.62814923 566.62882224 762.73338774 790.90967961
 0.810 303.87191704 312.22052773 363.50672964 565.16623972 759.97520276 787.96534255
 0.815 304.16546849 312.45485086 363.37720836 563.60606687 757.03297881 784.82454558
 0.820 304.47860542 312.70480781 363.23904554 561.94180071 753.89445236 781.47419750
 0.825 304.81263302 312.97144044 363.09166530 560.16650440 750.54654167 777.90033368
 0.830 305.16894356 313.25586010 362.93445334 558.27277828 746.97529229 774.08805785
 0.835 305.54902219 313.55925228 362.76675438 556.25272911 743.16581882 770.02148002
 0.840 305.95445311 313.88288156 362.58786945 554.09793708 739.10224296 765.68365021
 0.845 306.38692621 314.22809686 362.39705292 551.79942077 734.76762726 761.05648787
 0.850 306.84824407 314.59633707 362.19350944 549.34759972 730.14390454 756.12070646
 0.855 307.34032954 314.98913707 361.97639064 546.73225444 725.21180261 750.85573308
 0.860 307.86523367 315.40813408 361.74479152 543.94248389 719.95076390 745.23962272
 0.865 308.42514433 315.85507454 361.49774676 540.96665998 714.33885982 739.24896679
 0.870 309.02239529 316.33182135 361.23422666 537.79237914 708.35269929 732.85879556
 0.875 309.65947595 316.84036163 360.95313282 534.40641061 701.96733133 726.04247408
 0.880 310.33904174 317.38281504 360.65329361 530.79464128 695.15614100 718.77159113
 0.885 311.06392518 317.96144260 360.33345928 526.94201690 687.89073847 711.01584086
 0.890 311.83714765 318.57865608 359.99229672 522.83247927 680.14084074 702.74289641
 0.895 312.66193203 319.23702811 359.62838392 518.44889940 671.87414534 693.91827521
 0.900 313.54171613 319.93930284 359.24020405 513.77300601 663.05619575 684.50519524
 0.905 314.48016697 320.68840744 358.82613913 508.78530945 653.65023775 674.46442171
 0.910 315.48119614 321.48746427 358.38446330 503.46502044 643.61706624 663.75410353
 0.915 316.54897603 322.33980389 357.91333560 497.78996340 632.91486183 652.32959889
 0.920 317.68795727 323.24897894 357.41079231 491.73648406 621.49901650 640.14328915
 0.925 318.90288726 324.21877896 356.87473878 485.27935082 609.32194771 627.14438038
 0.930 320.19882997 325.25324620 356.30294068 478.39164961 596.33290007 613.27869166
 0.935 321.58118705 326.35669243 355.69301469 471.04467173 582.47773375 598.48842922
 0.940 323.05572030 327.53371694 355.04241856 463.20779412 567.69869883 582.71194557
 0.945 324.62857575 328.78922571 354.34844054 454.84835180 551.93419462 565.88348252
 0.950 326.30630924 330.12845183 353.60818804 445.93150165 535.11851287 547.93289714
 0.955 328.09591375 331.55697735 352.81857562 436.42007724 517.18156392 528.78536934
 0.960 330.00484857 333.08075653 351.97631208 426.27443386 498.04858452 508.36109006
 0.965 332.04107034 334.70614066 351.07788676 415.45228332 477.63982624 486.57492857
 0.970 334.21306627 336.43990451 350.11955494 403.90851766 455.87022305 463.33607768
 0.975 336.52988949 338.28927462 349.09732216 391.59502117 432.64903678 438.54767521
 0.980 339.00119677 340.26195937 348.00692766 378.46046978 407.87947889 412.10640030
 0.985 341.63728882 342.36618113 346.84382653 364.45011720 381.45830703 383.90204270
 0.990 344.44915315 344.61071054 345.60317085 349.50556669 353.27539478 353.81704344
 0.995 347.44850995 347.00490305 344.27978943 333.56452765 323.21327253 321.72600483
 1.000 350.64786086 349.55873794 342.86816624 316.56055603 291.14663796 287.49516778
