     x            0            3            6            9           12           15
 0.000          NaN 338.41712452 339.37915235 339.96000683 340.39901793 340.76288104
 0.005          NaN 340.63805678 338.60014253 337.42456698 336.56989916 335.88526807
 0.010          NaN 342.68373123 337.90662535 335.22558739 333.32126158 331.82661038
 0.015          NaN 344.56797777 337.28921840 333.31841879 330.56510624 328.44940470
 0.020          NaN 346.30353497 336.73956894 331.66433702 328.22677454 325.63923468
 0.025          NaN 347.90213617 336.25024090 330.22975672 326.24292585 323.30089454
 0.030          NaN 349.37458882 335.81461430 328.98554941 324.55982177 321.35516367
 0.035          NaN 350.73084752 335.42679566 327.90645203 323.13187046 319.73612263
 0.040          NaN 351.98008134 335.08153828 326.97055401 321.92039164 318.38891993
 0.045          NaN 353.13073580 334.77417125 326.15885238 320.89256883 317.26791369
 0.050          NaN 354.19058999 334.50053631 325.45486593 320.02056041 316.33512533
 0.055          NaN 355.16680910 334.25693150 324.84430053 319.28074545 315.55895291
 0.060          NaN 356.06599293 334.04006117 324.31475893 318.65308389 314.91310050
 0.065          NaN 356.89422046 333.84699134 323.85548905 318.12057365 314.37568724
 0.070          NaN 357.65709098 333.67511000 323.45716562 317.66879013 313.92850611
 0.075          NaN 358.35976192 333.52209182 323.11170087 317.28549543 313.55640707
 0.080          NaN 359.00698374 333.38586667 322.81208029 316.96030688 313.24678377
 0.085          NaN 359.60313201 333.26459158 322.55222024 316.68441580 312.98914648
 0.090          NaN 360.15223703 333.15662586 322.32684438 316.45034885 312.77476670
 0.095          NaN 360.65801107 333.06050886 322.13137655 316.25176564 312.59638147
 0.100          NaN 361.12387343 332.97494025 321.96184787 316.08328696 312.44794727
 0.105          NaN 361.55297362 332.89876239 321.81481613 315.94034907 312.32443529
 0.110          NaN 361.94821258 332.83094469 321.68729594 315.81908006 312.22166108
 0.115          NaN 362.31226236 332.77056966 321.57669805 315.71619502 312.13614275
 0.120          NaN 362.64758413 332.71682051 321.48077682 315.62890700 312.06498301
 0.125          NaN 362.95644487 332.66897007 321.39758462 315.55485154 312.00577105
 0.130          NaN 363.24093264 332.62637099 321.32543226 315.49202263 311.95650083
 0.135          NaN 363.50297074 332.58844696 321.26285474 315.43871837 311.91550312
 0.140          NaN 363.74433070 332.55468491 321.20858143 315.39349485 311.88138896
 0.145          NaN 363.96664424 332.52462809 321.16151035 315.35512706 311.85300260
 0.150          NaN 364.17141433 332.49786986 321.12068574 315.32257569 311.82938233
 0.155          NaN 364.36002532 332.47404822 321.08527867 315.29495900 311.80972792
 0.160          NaN 364.53375235 332.45284089 321.05457022 315.27152891 311.79337351
 0.165          NaN 364.69376989 332.43396097 321.02793688 315.25165073 311.77976501
 0.170          NaN 364.84115976 332.41715303 321.00483786 315.23478602 311.76844139
 0.175          NaN 364.97691839 332.40218968 320.98480414 315.22047794 311.75901902
 0.180          NaN 365.10196360 332.38886849 320.96742896 315.20833891 311.75117867
 0.185          NaN 365.21714075 332.37700924 320.95235951 315.19804012 311.74465473
 0.190          NaN 365.32322850 332.36645149 320.93928983 315.18930260 311.73922615
 0.195          NaN 365.42094408 332.35705240 320.92795452 315.18188965 311.73470904
 0.200          NaN 365.51094809 332.34868482 320.91812345 315.17560047 311.73095036
 0.205          NaN 365.59384902 332.34123554 320.90959699 315.17026472 311.72782276
 0.210          NaN 365.67020730 332.33460378 320.90220202 315.16573784 311.72522029
 0.215          NaN 365.74053919 332.32869984 320.89578838 315.16189723 311.72305478
 0.220          NaN 365.80532014 332.32344382 320.89022585 315.15863884 311.72125286
 0.225          NaN 365.86498813 332.31876463 320.88540148 315.15587441 311.71975348
 0.230          NaN 365.91994654 332.31459896 320.88121732 315.15352906 311.71850585
 0.235          NaN 365.97056692 332.31089046 320.87758841 315.15153925 311.71746769
 0.240          NaN 366.01719149 332.30758895 320.87444107 315.14985109 311.71660385
 0.245          NaN 366.06013547 332.30464977 320.87171139 315.14841886 311.71588504
 0.250          NaN 366.09968916 332.30203316 320.86934395 315.14720374 311.71528693
 0.255          NaN 366.13611999 332.29970371 320.86729067 315.14617283 311.71478923
 0.260          NaN 366.16967425 332.29762991 320.86550987 315.14529820 311.71437510
 0.265          NaN 366.20057877 332.29578371 320.86396539 315.14455617 311.71403050
 0.270          NaN 366.22904250 332.29414012 320.86262586 315.14392662 311.71374377
 0.275          NaN 366.25525785 332.29267692 320.86146410 315.14339251 311.71350517
 0.280          NaN 366.27940207 332.29137431 320.86045650 315.14293937 311.71330664
 0.285          NaN 366.30163839 332.29021467 320.85958262 315.14255493 311.71314143
 0.290          NaN 366.32211712 332.28918230 320.85882471 315.14222876 311.71300397
 0.295          NaN 366.34097672 332.28826324 320.85816737 315.14195205 311.71288959
 0.300          NaN 366.35834470 332.28744505 320.85759726 315.14171728 311.71279441
 0.305          NaN 366.37433846 332.28671668 320.85710282 315.14151810 311.71271521
 0.310          NaN 366.38906614 332.28606825 320.85667398 315.14134911 311.71264931
 0.315          NaN 366.40262730 332.28549101 320.85630206 315.14120575 311.71259448
 0.320          NaN 366.41511362 332.28497714 320.85597950 315.14108411 311.71254885
 0.325          NaN 366.42660952 332.28451969 320.85569974 315.14098092 311.71251088
 0.330          NaN 366.43719272 332.28411247 320.85545711 315.14089337 311.71247929
 0.335          NaN 366.44693476 332.28374997 320.85524668 315.14081910 311.71245300
 0.340          NaN 366.45590151 332.28342729 320.85506419 315.14075608 311.71243113
 0.345          NaN 366.46415359 332.28314006 320.85490591 315.14070262 311.71241292
 0.350          NaN 366.47174678 332.28288440 320.85476864 315.14065726 311.71239778
 0.355          NaN 366.47873242 332.28265684 320.85464960 315.14061878 311.71238518
 0.360          NaN 366.48515774 332.28245432 320.85454636 315.14058613 311.71237469
 0.365          NaN 366.49106617 332.28227408 320.85445683 315.14055844 311.71236596
 0.370          NaN 366.49649767 332.28211369 320.85437919 315.14053494 311.71235870
 0.375          NaN 366.50148894 332.28197099 320.85431187 315.14051501 311.71235266
 0.380          NaN 366.50607374 332.28184403 320.85425349 315.14049810 311.71234764
 0.385          NaN 366.51028305 332.28173111 320.85420288 315.14048375 311.71234345
 0.390          NaN 366.51414535 332.28163069 320.85415900 315.14047158 311.71233997
 0.395          NaN 366.51768673 332.28154142 320.85412096 315.14046126 311.71233708
 0.400          NaN 366.52093114 332.28146208 320.85408800 315.14045251 311.71233467
 0.405          NaN 366.52390052 332.28139161 320.85405943 315.14044509 311.71233266
 0.410          NaN 366.52661493 332.28132906 320.85403469 315.14043879 311.71233100
 0.415          NaN 366.52909273 332.28127356 320.85401327 315.14043346 311.71232961
 0.420          NaN 366.53135068 332.28122439 320.85399474 315.14042894 311.71232846
 0.425          NaN 366.53340403 332.28118086 320.85397871 315.14042511 311.71232750
 0.430          NaN 366.53526666 332.28114240 320.85396486 315.14042187 311.71232670
 0.435          NaN 366.53695118 332.28110847 320.85395292 315.14041913 311.71232604
 0.440          NaN 366.53846896 332.28107863 320.85394264 315.14041682 311.71232549
 0.445          NaN 366.53983028 332.28105246 320.85393381 315.14041486 311.71232504
 0.450          NaN 366.54104433 332.28102962 320.85392624 315.14041323 311.71232467
 0.455          NaN 366.54211931 332.28100979 320.85391980 315.14041185 311.71232436
 0.460          NaN 366.54306251 332.28099270 320.85391435 315.14041071 311.71232410
 0.465          NaN 366.54388029 332.28097814 320.85390977 315.14040976 311.71232390
 0.470          NaN 366.54457818 332.28096589 320.85390597 315.14040899 311.71232373
 0.475          NaN 366.54516091 332.28095579 320.85390288 315.14040837 311.71232360
 0.480          NaN 366.54563240 332.28094771 320.85390043 315.14040788 311.71232349
 0.485          NaN 366.54599585 332.28094153 320.85389858 315.14040751 311.71232342
 0.490          NaN 366.54625372 332.28093718 320.85389728 315.14040726 311.71232336
 0.495          NaN 366.54640775 332.28093459 320.85389651 315.14040711 311.71232333
 0.500          NaN 366.54645898 332.28093374 320.85389625 315.14040706 311.71232332
 0.505          NaN 366.54640775 332.28093459 320.85389651 315.14040711 311.71232333
 0.510          NaN 366.54625372 332.28093718 320.85389728 315.14040726 311.71232336
 0.515          NaN 366.54599585 332.28094153 320.85389858 315.14040751 311.71232342
 0.520          NaN 366.54563240 332.28094771 320.85390043 315.14040788 311.71232349
 0.525          NaN 366.54516091 332.28095579 320.85390288 315.14040837 311.71232360
 0.530          NaN 366.54457818 332.28096589 320.85390597 315.14040899 311.71232373
 0.535          NaN 366.54388029 332.28097814 320.85390977 315.14040976 311.71232390
 0.540          NaN 366.54306251 332.28099270 320.85391435 315.14041071 311.71232410
 0.545          NaN 366.54211931 332.28100979 320.85391980 315.14041185 311.71232436
 0.550          NaN 366.54104433 332.28102962 320.85392624 315.14041323 311.71232467
 0.555          NaN 366.53983028 332.28105246 320.85393381 315.14041486 311.71232504
 0.560          NaN 366.53846896 332.28107863 320.85394264 315.14041682 311.71232549
 0.565          NaN 366.53695118 332.28110847 320.85395292 315.14041913 311.71232604
 0.570          NaN 366.53526666 332.28114240 320.85396486 315.14042187 311.71232670
 0.575          NaN 366.53340403 332.28118086 320.85397871 315.14042511 311.71232750
 0.580          NaN 366.53135068 332.28122439 320.85399474 315.14042894 311.71232846
 0.585          NaN 366.52909273 332.28127356 320.85401327 315.14043346 311.71232961
 0.590          NaN 366.52661493 332.28132906 320.85403469 315.14043879 311.71233100
 0.595          NaN 366.52390052 332.28139161 320.85405943 315.14044509 311.71233266
 0.600          NaN 366.52093114 332.28146208 320.85408800 315.14045251 311.71233467
 0.605          NaN 366.51768673 332.28154142 320.85412096 315.14046126 311.71233708
 0.610          NaN 366.51414535 332.28163069 320.85415900 315.14047158 311.71233997
 0.615          NaN 366.51028305 332.28173111 320.85420288 315.14048375 311.71234345
 0.620          NaN 366.50607374 332.28184403 320.85425349 315.14049810 311.71234764
 0.625          NaN 366.50148894 332.28197099 320.85431187 315.14051501 311.71235266
 0.630          NaN 366.49649767 332.28211369 320.85437919 315.14053494 311.71235870
 0.635          NaN 366.49106617 332.28227408 320.85445683 315.14055844 311.71236596
 0.640          NaN 366.48515774 332.28245432 320.85454636 315.14058613 311.71237469
 0.645          NaN 366.47873242 332.28265684 320.85464960 315.14061878 311.71238518
 0.650          NaN 366.47174678 332.28288440 320.85476864 315.14065726 311.71239778
 0.655          NaN 366.46415359 332.28314006 320.85490591 315.14070262 311.71241292
 0.660          NaN 366.45590151 332.28342729 320.85506419 315.14075608 311.71243113
 0.665          NaN 366.44693476 332.28374997 320.85524668 315.14081910 311.71245300
 0.670          NaN 366.43719272 332.28411247 320.85545711 315.14089337 311.71247929
 0.675          NaN 366.42660952 332.28451969 320.85569974 315.14098092 311.71251088
 0.680          NaN 366.41511362 332.28497714 320.85597950 315.14108411 311.71254885
 0.685          NaN 366.40262730 332.28549101 320.85630206 315.14120575 311.71259448
 0.690          NaN 366.38906614 332.28606825 320.85667398 315.14134911 311.71264931
 0.695          NaN 366.37433846 332.28671668 320.85710282 315.14151810 311.71271521
 0.700          NaN 366.35834470 332.28744505 320.85759726 315.14171728 311.71279441
 0.705          NaN 366.34097672 332.28826324 320.85816737 315.14195205 311.71288959
 0.710          NaN 366.32211712 332.28918230 320.85882471 315.14222876 311.71300397
 0.715          NaN 366.30163839 332.29021467 320.85958262 315.14255493 311.71314143
 0.720          NaN 366.27940207 332.29137431 320.86045650 315.14293937 311.71330664
 0.725          NaN 366.25525785 332.29267692 320.86146410 315.14339251 311.71350517
 0.730          NaN 366.22904250 332.29414012 320.86262586 315.14392662 311.71374377
 0.735          NaN 366.20057877 332.29578371 320.86396539 315.14455617 311.71403050
 0.740          NaN 366.16967425 332.29762991 320.86550987 315.14529820 311.71437510
 0.745          NaN 366.13611999 332.29970371 320.86729067 315.14617283 311.71478923
 0.750          NaN 366.09968916 332.30203316 320.86934395 315.14720374 311.71528693
 0.755          NaN 366.06013547 332.30464977 320.87171139 315.14841886 311.71588504
 0.760          NaN 366.01719149 332.30758895 320.87444107 315.14985109 311.71660385
 0.765          NaN 365.97056692 332.31089046 320.87758841 315.15153925 311.71746769
 0.770          NaN 365.91994654 332.31459896 320.88121732 315.15352906 311.71850585
 0.775          NaN 365.86498813 332.31876463 320.88540148 315.15587441 311.71975348
 0.780          NaN 365.80532014 332.32344382 320.89022585 315.15863884 311.72125286
 0.785          NaN 365.74053919 332.32869984 320.89578838 315.16189723 311.72305478
 0.790          NaN 365.67020730 332.33460378 320.90220202 315.16573784 311.72522029
 0.795          NaN 365.59384902 332.34123554 320.90959699 315.17026472 311.72782276
 0.800          NaN 365.51094809 332.34868482 320.91812345 315.17560047 311.73095036
 0.805          NaN 365.42094408 332.35705240 320.92795452 315.18188965 311.73470904
 0.810          NaN 365.32322850 332.36645149 320.93928983 315.18930260 311.73922615
 0.815          NaN 365.21714075 332.37700924 320.95235951 315.19804012 311.74465473
 0.820          NaN 365.10196360 332.38886849 320.96742896 315.20833891 311.75117867
 0.825          NaN 364.97691839 332.40218968 320.98480414 315.22047794 311.75901902
 0.830          NaN 364.84115976 332.41715303 321.00483786 315.23478602 311.76844139
 0.835          NaN 364.69376989 332.43396097 321.02793688 315.25165073 311.77976501
 0.840          NaN 364.53375235 332.45284089 321.05457022 315.27152891 311.79337351
 0.845          NaN 364.36002532 332.47404822 321.08527867 315.29495900 311.80972792
 0.850          NaN 364.17141433 332.49786986 321.12068574 315.32257569 311.82938233
 0.855          NaN 363.96664424 332.52462809 321.16151035 315.35512706 311.85300260
 0.860          NaN 363.74433070 332.55468491 321.20858143 315.39349485 311.88138896
 0.865          NaN 363.50297074 332.58844696 321.26285474 315.43871837 311.91550312
 0.870          NaN 363.24093264 332.62637099 321.32543226 315.49202263 311.95650083
 0.875          NaN 362.95644487 332.66897007 321.39758462 315.55485154 312.00577105
 0.880          NaN 362.64758413 332.71682051 321.48077682 315.62890700 312.06498301
 0.885          NaN 362.31226236 332.77056966 321.57669805 315.71619502 312.13614275
 0.890          NaN 361.94821258 332.83094469 321.68729594 315.81908006 312.22166108
 0.895          NaN 361.55297362 332.89876239 321.81481613 315.94034907 312.32443529
 0.900          NaN 361.12387343 332.97494025 321.96184787 316.08328696 312.44794727
 0.905          NaN 360.65801107 333.06050886 322.13137655 316.25176564 312.59638147
 0.910          NaN 360.15223703 333.15662586 322.32684438 316.45034885 312.77476670
 0.915          NaN 359.60313201 333.26459158 322.55222024 316.68441580 312.98914648
 0.920          NaN 359.00698374 333.38586667 322.81208029 316.96030688 313.24678377
 0.925          NaN 358.35976192 333.52209182 323.11170087 317.28549543 313.55640707
 0.930          NaN 357.65709098 333.67511000 323.45716562 317.66879013 313.92850611
 0.935          NaN 356.89422046 333.84699134 323.85548905 318.12057365 314.37568724
 0.940          NaN 356.06599293 334.04006117 324.31475893 318.65308389 314.91310050
 0.945          NaN 355.16680910 334.25693150 324.84430053 319.28074545 315.55895291
 0.950          NaN 354.19058999 334.50053631 325.45486593 320.02056041 316.33512533
 0.955          NaN 353.13073580 334.77417125 326.15885238 320.89256883 317.26791369
 0.960          NaN 351.98008134 335.08153828 326.97055401 321.92039164 318.38891993
 0.965          NaN 350.73084752 335.42679566 327.90645203 323.13187046 319.73612263
 0.970          NaN 349.37458882 335.81461430 328.98554941 324.55982177 321.35516367
 0.975          NaN 347.90213617 336.25024090 330.22975672 326.24292585 323.30089454
 0.980          NaN 346.30353497 336.73956894 331.66433702 328.22677454 325.63923468
 0.985          NaN 344.56797777 337.28921840 333.31841879 330.56510624 328.44940470
 0.990          NaN 342.68373123 337.90662535 335.22558739 333.32126158 331.82661038
 0.995          NaN 340.63805678 338.60014253 337.42456698 336.56989916 335.88526807
 1.000          NaN 338.41712452 339.37915235 339.96000683 340.39901793 340.76288104
