     x          500          600          700          800          900         1000
 0.000 317.85610310 321.82732371 325.79854433 329.76976495 333.74098557 337.71220619
 0.005 320.08986658 324.50783990 328.92581321 333.34378653 337.76175984 342.17973316
 0.010 322.18399563 327.02079475 331.85759388 336.69439301 341.53119213 346.36799126
 0.015 324.14721881 329.37666257 334.60610633 339.83555009 345.06499386 350.29443762
 0.020 325.98771906 331.58526287 337.18280668 342.78035049 348.37789430 353.97543811
 0.025 327.71316779 333.65580135 339.59843491 345.54106846 351.48370202 357.42633558
 0.030 329.33075687 335.59690824 341.86305962 348.12921099 354.39536237 360.66151374
 0.035 330.84722860 337.41667432 343.98612004 350.55556575 357.12501147 363.69445719
 0.040 332.26890379 339.12268455 345.97646531 352.83024607 359.68402683 366.53780759
 0.045 333.60170816 340.72204980 347.84239143 354.96273306 362.08307470 369.20341633
 0.050 334.85119699 342.22143639 349.59167579 356.96191519 364.33215458 371.70239398
 0.055 336.02257828 343.62709394 351.23160960 358.83612525 366.44064091 374.04515657
 0.060 337.12073449 344.94488139 352.76902829 360.59317519 368.41732209 376.24146899
 0.065 338.15024286 346.18029143 354.21034000 362.24038857 370.27043715 378.30048572
 0.070 339.11539449 347.33847339 355.56155228 363.78463118 372.00771008 380.23078898
 0.075 340.02021224 348.42425469 356.82829714 365.23233959 373.63638204 382.04042449
 0.080 340.86846751 349.44216101 358.01585451 366.58954801 375.16324151 383.73693502
 0.085 341.66369591 350.39643509 359.12917427 367.86191345 376.59465263 385.32739181
 0.090 342.40921204 351.29105445 360.17289686 369.05473926 377.93658167 386.81842408
 0.095 343.10812331 352.12974797 361.15137263 370.17299729 379.19462195 388.21624661
 0.100 343.76334284 352.91601141 362.06867998 371.22134855 380.37401712 389.52668569
 0.105 344.37760169 353.65312202 362.92864236 372.20416270 381.47968304 390.75520337
 0.110 344.95346013 354.34415216 363.73484418 373.12553621 382.51622824 391.90692026
 0.115 345.49331842 354.99198211 364.49064579 373.98930948 383.48797316 392.98663685
 0.120 345.99942675 355.59931210 365.19919745 374.79908280 384.39896816 393.99885351
 0.125 346.47389464 356.16867356 365.86345249 375.55823142 385.25301035 394.94778927
 0.130 346.91869971 356.70243965 366.48617960 376.26991954 386.05365948 395.83739942
 0.135 347.33569597 357.20283517 367.06997436 376.93711356 386.80425275 396.67139195
 0.140 347.72662151 357.67194582 367.61727012 377.56259442 387.50791873 397.45324303
 0.145 348.09310575 358.11172690 368.13034805 378.14896921 388.16759036 398.18621151
 0.150 348.43667624 358.52401149 368.61134673 378.69868198 388.78601723 398.87335248
 0.155 348.75876501 358.91051801 369.06227102 379.21402402 389.36577702 399.51753002
 0.160 349.06071457 359.27285749 369.48500040 379.69714332 389.90928623 400.12142915
 0.165 349.34378349 359.61254018 369.88129688 380.15005358 390.41881027 400.68756697
 0.170 349.60915161 359.93098193 370.25281226 380.57464258 390.89647290 401.21830322
 0.175 349.85792504 360.22951004 370.60109505 380.97268006 391.34426506 401.71585007
 0.180 350.09114067 360.50936881 370.92759694 381.34582508 391.76405321 402.18228135
 0.185 350.30977059 360.77172471 371.23367883 381.69563295 392.15758707 402.61954119
 0.190 350.51472607 361.01767129 371.52061650 382.02356172 392.52650693 403.02945215
 0.195 350.70686139 361.24823366 371.78960594 382.33097822 392.87235050 403.41372277
 0.200 350.88697738 361.46437285 372.04176833 382.61916380 393.19655928 403.77395475
 0.205 351.05582479 361.66698975 372.27815470 382.88931966 393.50048462 404.11164958
 0.210 351.21410740 361.85692888 372.49975035 383.14257183 393.78539331 404.42821479
 0.215 351.36248494 362.03498193 372.70747892 383.37997590 394.05247289 404.72496988
 0.220 351.50157587 362.20189105 372.90220622 383.60252140 394.30283657 405.00315175
 0.225 351.63195995 362.35835193 373.08474392 383.81113591 394.53752790 405.26391989
 0.230 351.75418061 362.50501673 373.25585285 384.00668898 394.75752510 405.50836122
 0.235 351.86874730 362.64249676 373.41624622 384.18999568 394.96374514 405.73749459
 0.240 351.97613753 362.77136504 373.56659255 384.36182005 395.15704756 405.95227507
 0.245 352.07679893 362.89215872 373.70751851 384.52287830 395.33823808 406.15359787
 0.250 352.17115107 363.00538128 373.83961149 384.67384171 395.50807192 406.34230214
 0.255 352.25958720 363.11150464 373.96342209 384.81533953 395.66725697 406.51917441
 0.260 352.34247595 363.21097115 374.07946634 384.94796153 395.81645672 406.68495191
 0.265 352.42016281 363.30419537 374.18822793 385.07226049 395.95629306 406.84032562
 0.270 352.49297158 363.39156589 374.29016021 385.18875452 396.08734884 406.98594315
 0.275 352.56120573 363.47344688 374.38568802 385.29792917 396.21017031 407.12241146
 0.280 352.62514968 363.55017962 374.47520955 385.40023949 396.32526942 407.25029936
 0.285 352.68506995 363.62208394 374.55909793 385.49611192 396.43312591 407.37013990
 0.290 352.74121629 363.68945955 374.63770281 385.58594607 396.53418933 407.48243259
 0.295 352.79382274 363.75258729 374.71135183 385.67011638 396.62888093 407.58764548
 0.300 352.84310855 363.81173026 374.78035197 385.74897368 396.71759539 407.68621710
 0.305 352.88927916 363.86713500 374.84499083 385.82284666 396.80070249 407.77855833
 0.310 352.93252702 363.91903242 374.90553782 385.89204323 396.87854863 407.86505403
 0.315 352.97303238 363.96763885 374.96224533 385.95685180 396.95145828 407.94606475
 0.320 353.01096407 364.01315688 375.01534970 386.01754251 397.01973532 408.02192814
 0.325 353.04648020 364.05577624 375.06507228 386.07436832 397.08366436 408.09296040
 0.330 353.07972881 364.09567457 375.11162033 386.12756609 397.14351185 408.15945761
 0.335 353.11084847 364.13301816 375.15518786 386.17735755 397.19952725 408.22169694
 0.340 353.13996890 364.16796268 375.19595646 386.22395024 397.25194403 408.27993781
 0.345 353.16721148 364.20065378 375.23409607 386.26753837 397.30098067 408.33442296
 0.350 353.19268975 364.23122771 375.26976566 386.30830361 397.34684156 408.38537951
 0.355 353.21650992 364.25981191 375.30311389 386.34641587 397.38971786 408.43301984
 0.360 353.23877126 364.28652552 375.33427977 386.38203402 397.42978828 408.47754253
 0.365 353.25956657 364.31147989 375.36339320 386.41530652 397.46721983 408.51913315
 0.370 353.27898252 364.33477903 375.39057553 386.44637204 397.50216854 408.55796505
 0.375 353.29710004 364.35652005 375.41594006 386.47536007 397.53478008 408.59420009
 0.380 353.31399465 364.37679358 375.43959251 386.50239144 397.56519037 408.62798930
 0.385 353.32973676 364.39568411 375.46163147 386.52757882 397.59352617 408.65947352
 0.390 353.34439199 364.41327039 375.48214879 386.55102719 397.61990559 408.68878399
 0.395 353.35802143 364.42962572 375.50123000 386.57283429 397.64443857 408.71604286
 0.400 353.37068188 364.44481825 375.51895463 386.59309100 397.66722738 408.74136376
 0.405 353.38242611 364.45891133 375.53539655 386.61188178 397.68836700 408.76485222
 0.410 353.39330308 364.47196369 375.55062431 386.62928492 397.70794554 408.78660616
 0.415 353.40335812 364.48402974 375.56470136 386.64537299 397.72604461 408.80671623
 0.420 353.41263314 364.49515976 375.57768639 386.66021302 397.74273965 408.82526627
 0.425 353.42116680 364.50540016 375.58963352 386.67386688 397.75810024 408.84233359
 0.430 353.42899467 364.51479360 375.60059254 386.68639147 397.77219040 408.85798934
 0.435 353.43614938 364.52337925 375.61060913 386.69783901 397.78506888 408.87229876
 0.440 353.44266075 364.53119290 375.61972505 386.70825720 397.79678935 408.88532150
 0.445 353.44855592 364.53826710 375.62797828 386.71768947 397.80740065 408.89711183
 0.450 353.45385946 364.54463135 375.63540324 386.72617513 397.81694702 408.90771891
 0.455 353.45859347 364.55031217 375.64203086 386.73374956 397.82546825 408.91718695
 0.460 353.46277770 364.55533324 375.64788878 386.74044432 397.83299986 408.92555540
 0.465 353.46642958 364.55971549 375.65300141 386.74628732 397.83957324 408.93285915
 0.470 353.46956432 364.56347719 375.65739005 386.75130291 397.84521578 408.93912864
 0.475 353.47219500 364.56663401 375.66107301 386.75551201 397.84995101 408.94439001
 0.480 353.47433259 364.56919911 375.66406563 386.75893214 397.85379866 408.94866518
 0.485 353.47598599 364.57118318 375.66638038 386.76157758 397.85677478 408.95197197
 0.490 353.47716209 364.57259450 375.66802692 386.76345934 397.85889175 408.95432417
 0.495 353.47786579 364.57343895 375.66901211 386.76458526 397.86015842 408.95573158
 0.500 353.47810003 364.57372004 375.66934005 386.76496005 397.86058006 408.95620007
 0.505 353.47786579 364.57343895 375.66901211 386.76458526 397.86015842 408.95573158
 0.510 353.47716209 364.57259450 375.66802692 386.76345934 397.85889175 408.95432417
 0.515 353.47598599 364.57118318 375.66638038 386.76157758 397.85677478 408.95197197
 0.520 353.47433259 364.56919911 375.66406563 386.75893214 397.85379866 408.94866518
 0.525 353.47219500 364.56663401 375.66107301 386.75551201 397.84995101 408.94439001
 0.530 353.46956432 364.56347719 375.65739005 386.75130291 397.84521578 408.93912864
 0.535 353.46642958 364.55971549 375.65300141 386.74628732 397.83957324 408.93285915
 0.540 353.46277770 364.55533324 375.64788878 386.74044432 397.83299986 408.92555540
 0.545 353.45859347 364.55031217 375.64203086 386.73374956 397.82546825 408.91718695
 0.550 353.45385946 364.54463135 375.63540324 386.72617513 397.81694702 408.90771891
 0.555 353.44855592 364.53826710 375.62797828 386.71768947 397.80740065 408.89711183
 0.560 353.44266075 364.53119290 375.61972505 386.70825720 397.79678935 408.88532150
 0.565 353.43614938 364.52337925 375.61060913 386.69783901 397.78506888 408.87229876
 0.570 353.42899467 364.51479360 375.60059254 386.68639147 397.77219040 408.85798934
 0.575 353.42116680 364.50540016 375.58963352 386.67386688 397.75810024 408.84233359
 0.580 353.41263314 364.49515976 375.57768639 386.66021302 397.74273965 408.82526627
 0.585 353.40335812 364.48402974 375.56470136 386.64537299 397.72604461 408.80671623
 0.590 353.39330308 364.47196369 375.55062431 386.62928492 397.70794554 408.78660616
 0.595 353.38242611 364.45891133 375.53539655 386.61188178 397.68836700 408.76485222
 0.600 353.37068188 364.44481825 375.51895463 386.59309100 397.66722738 408.74136376
 0.605 353.35802143 364.42962572 375.50123000 386.57283429 397.64443857 408.71604286
 0.610 353.34439199 364.41327039 375.48214879 386.55102719 397.61990559 408.68878399
 0.615 353.32973676 364.39568411 375.46163147 386.52757882 397.59352617 408.65947352
 0.620 353.31399465 364.37679358 375.43959251 386.50239144 397.56519037 408.62798930
 0.625 353.29710004 364.35652005 375.41594006 386.47536007 397.53478008 408.59420009
 0.630 353.27898252 364.33477903 375.39057553 386.44637204 397.50216854 408.55796505
 0.635 353.25956657 364.31147989 375.36339320 386.41530652 397.46721983 408.51913315
 0.640 353.23877126 364.28652552 375.33427977 386.38203402 397.42978828 408.47754253
 0.645 353.21650992 364.25981191 375.30311389 386.34641587 397.38971786 408.43301984
 0.650 353.19268975 364.23122771 375.26976566 386.30830361 397.34684156 408.38537951
 0.655 353.16721148 364.20065378 375.23409607 386.26753837 397.30098067 408.33442296
 0.660 353.13996890 364.16796268 375.19595646 386.22395024 397.25194403 408.27993781
 0.665 353.11084847 364.13301816 375.15518786 386.17735755 397.19952725 408.22169694
 0.670 353.07972881 364.09567457 375.11162033 386.12756609 397.14351185 408.15945761
 0.675 353.04648020 364.05577624 375.06507228 386.07436832 397.08366436 408.09296040
 0.680 353.01096407 364.01315688 375.01534970 386.01754251 397.01973532 408.02192814
 0.685 352.97303238 363.96763885 374.96224533 385.95685180 396.95145828 407.94606475
 0.690 352.93252702 363.91903242 374.90553782 385.89204323 396.87854863 407.86505403
 0.695 352.88927916 363.86713500 374.84499083 385.82284666 396.80070249 407.77855833
 0.700 352.84310855 363.81173026 374.78035197 385.74897368 396.71759539 407.68621710
 0.705 352.79382274 363.75258729 374.71135183 385.67011638 396.62888093 407.58764548
 0.710 352.74121629 363.68945955 374.63770281 385.58594607 396.53418933 407.48243259
 0.715 352.68506995 363.62208394 374.55909793 385.49611192 396.43312591 407.37013990
 0.720 352.62514968 363.55017962 374.47520955 385.40023949 396.32526942 407.25029936
 0.725 352.56120573 363.47344688 374.38568802 385.29792917 396.21017031 407.12241146
 0.730 352.49297158 363.39156589 374.29016021 385.18875452 396.08734884 406.98594315
 0.735 352.42016281 363.30419537 374.18822793 385.07226049 395.95629306 406.84032562
 0.740 352.34247595 363.21097115 374.07946634 384.94796153 395.81645672 406.68495191
 0.745 352.25958720 363.11150464 373.96342209 384.81533953 395.66725697 406.51917441
 0.750 352.17115107 363.00538128 373.83961149 384.67384171 395.50807192 406.34230214
 0.755 352.07679893 362.89215872 373.70751851 384.52287830 395.33823808 406.15359787
 0.760 351.97613753 362.77136504 373.56659255 384.36182005 395.15704756 405.95227507
 0.765 351.86874730 362.64249676 373.41624622 384.18999568 394.96374514 405.73749459
 0.770 351.75418061 362.50501673 373.25585285 384.00668898 394.75752510 405.50836122
 0.775 351.63195995 362.35835193 373.08474392 383.81113591 394.53752790 405.26391989
 0.780 351.50157587 362.20189105 372.90220622 383.60252140 394.30283657 405.00315175
 0.785 351.36248494 362.03498193 372.70747892 383.37997590 394.05247289 404.72496988
 0.790 351.21410740 361.85692888 372.49975035 383.14257183 393.78539331 404.42821479
 0.795 351.05582479 361.66698975 372.27815470 382.88931966 393.50048462 404.11164958
 0.800 350.88697738 361.46437285 372.04176833 382.61916380 393.19655928 403.77395475
 0.805 350.70686139 361.24823366 371.78960594 382.33097822 392.87235050 403.41372277
 0.810 350.51472607 361.01767129 371.52061650 382.02356172 392.52650693 403.02945215
 0.815 350.30977059 360.77172471 371.23367883 381.69563295 392.15758707 402.61954119
 0.820 350.09114067 360.50936881 370.92759694 381.34582508 391.76405321 402.18228135
 0.825 349.85792504 360.22951004 370.60109505 380.97268006 391.34426506 401.71585007
 0.830 349.60915161 359.93098193 370.25281226 380.57464258 390.89647290 401.21830322
 0.835 349.34378349 359.61254018 369.88129688 380.15005358 390.41881027 400.68756697
 0.840 349.06071457 359.27285749 369.48500040 379.69714332 389.90928623 400.12142915
 0.845 348.75876501 358.91051801 369.06227102 379.21402402 389.36577702 399.51753002
 0.850 348.43667624 358.52401149 368.61134673 378.69868198 388.78601723 398.87335248
 0.855 348.09310575 358.11172690 368.13034805 378.14896921 388.16759036 398.18621151
 0.860 347.72662151 357.67194582 367.61727012 377.56259442 387.50791873 397.45324303
 0.865 347.33569597 357.20283517 367.06997436 376.93711356 386.80425275 396.67139195
 0.870 346.91869971 356.70243965 366.48617960 376.26991954 386.05365948 395.83739942
 0.875 346.47389464 356.16867356 365.86345249 375.55823142 385.25301035 394.94778927
 0.880 345.99942675 355.59931210 365.19919745 374.79908280 384.39896816 393.99885351
 0.885 345.49331842 354.99198211 364.49064579 373.98930948 383.48797316 392.98663685
 0.890 344.95346013 354.34415216 363.73484418 373.12553621 382.51622824 391.90692026
 0.895 344.37760169 353.65312202 362.92864236 372.20416270 381.47968304 390.75520337
 0.900 343.76334284 352.91601141 362.06867998 371.22134855 380.37401712 389.52668569
 0.905 343.10812331 352.12974797 361.15137263 370.17299729 379.19462195 388.21624661
 0.910 342.40921204 351.29105445 360.17289686 369.05473926 377.93658167 386.81842408
 0.915 341.66369591 350.39643509 359.12917427 367.86191345 376.59465263 385.32739181
 0.920 340.86846751 349.44216101 358.01585451 366.58954801 375.16324151 383.73693502
 0.925 340.02021224 348.42425469 356.82829714 365.23233959 373.63638204 382.04042449
 0.930 339.11539449 347.33847339 355.56155228 363.78463118 372.00771008 380.23078898
 0.935 338.15024286 346.18029143 354.21034000 362.24038857 370.27043715 378.30048572
 0.940 337.12073449 344.94488139 352.76902829 360.59317519 368.41732209 376.24146899
 0.945 336.02257828 343.62709394 351.23160960 358.83612525 366.44064091 374.04515657
 0.950 334.85119699 342.22143639 349.59167579 356.96191519 364.33215458 371.70239398
 0.955 333.60170816 340.72204980 347.84239143 354.96273306 362.08307470 369.20341633
 0.960 332.26890379 339.12268455 345.97646531 352.83024607 359.68402683 366.53780759
 0.965 330.84722860 337.41667432 343.98612004 350.55556575 357.12501147 363.69445719
 0.970 329.33075687 335.59690824 341.86305962 348.12921099 354.39536237 360.66151374
 0.975 327.71316779 333.65580135 339.59843491 345.54106846 351.48370202 357.42633558
 0.980 325.98771906 331.58526287 337.18280668 342.78035049 348.37789430 353.97543811
 0.985 324.14721881 329.37666257 334.60610633 339.83555009 345.06499386 350.29443762
 0.990 322.18399563 327.02079475 331.85759388 336.69439301 341.53119213 346.36799126
 0.995 320.08986658 324.50783990 328.92581321 333.34378653 337.76175984 342.17973316
 1.000 317.85610310 321.82732371 325.79854433 329.76976495 333.74098557 337.71220619
