     x            1            5           10           15           20           25
 0.000 342.25504056 306.17414428 301.87659915 300.49225976 299.81923912 299.42497370
 0.005 346.65516955 309.24554696 304.09791117 302.27350509 301.31806546 300.72322987
 0.010 350.76600513 312.22450222 306.27062039 304.02178644 302.79194802 302.00142105
 0.015 354.60656723 315.11376582 308.39573173 305.73764286 304.24122764 303.25978369
 0.020 358.19462531 317.91601052 310.47422809 307.42160343 305.66623947 304.49855061
 0.025 361.54678053 320.63382860 312.50707081 309.07418738 307.06731305 305.71795098
 0.030 364.67854258 323.26973424 314.49520011 310.69590427 308.44477239 306.91821039
 0.035 367.60440145 325.82616584 316.43953555 312.28725415 309.79893603 308.09955090
 0.040 370.33789445 328.30548828 318.34097641 313.84872769 311.13011712 309.26219105
 0.045 372.89166887 330.70999511 320.20040214 315.38080636 312.43862351 310.40634593
 0.050 375.27754045 333.04191066 322.01867276 316.88396256 313.72475780 311.53222723
 0.055 377.50654811 335.30339214 323.79662926 318.35865977 314.98881740 312.64004322
 0.060 379.58900498 337.49653156 325.53509396 319.80535272 316.23109465 313.72999886
 0.065 381.53454614 339.62335775 327.23487094 321.22448746 317.45187682 314.80229580
 0.070 383.35217319 341.68583816 328.89674638 322.61650159 318.65144622 315.85713240
 0.075 385.05029588 343.68588074 330.52148892 323.98182431 319.83008025 316.89470383
 0.080 386.63677108 345.62533566 332.10985004 325.32087661 320.98805149 317.91520203
 0.085 388.11893904 347.50599707 333.66256438 326.63407138 322.12562772 318.91881579
 0.090 389.50365745 349.32960471 335.18035010 327.92181353 323.24307201 319.90573080
 0.095 390.79733309 351.09784555 336.66390920 329.18450011 324.34064277 320.87612963
 0.100 392.00595151 352.81235533 338.11392786 330.42252048 325.41859382 321.83019180
 0.105 393.13510475 354.47472010 339.53107673 331.63625636 326.47717444 322.76809383
 0.110 394.19001713 356.08647766 340.91601128 332.82608200 327.51662944 323.69000923
 0.115 395.17556951 357.64911901 342.26937205 333.99236427 328.53719918 324.59610855
 0.120 396.09632183 359.16408970 343.59178500 335.13546278 329.53911969 325.48655942
 0.125 396.95653421 360.63279119 344.88386178 336.25573000 330.52262266 326.36152658
 0.130 397.76018666 362.05658213 346.14619998 337.35351135 331.48793554 327.22117191
 0.135 398.51099752 363.43677962 347.37938347 338.42914533 332.43528154 328.06565444
 0.140 399.21244061 364.77466046 348.58398261 339.48296359 333.36487976 328.89513039
 0.145 399.86776137 366.07146226 349.76055456 340.51529107 334.27694516 329.70975323
 0.150 400.47999182 367.32838468 350.90964349 341.52644609 335.17168867 330.50967367
 0.155 401.05196461 368.54659045 352.03178088 342.51674041 336.04931719 331.29503969
 0.160 401.58632615 369.72720649 353.12748574 343.48647940 336.91003369 332.06599658
 0.165 402.08554880 370.87132497 354.19726485 344.43596205 337.75403721 332.82268698
 0.170 402.55194237 371.98000427 355.24161301 345.36548114 338.58152292 333.56525087
 0.175 402.98766475 373.05427000 356.26101324 346.27532328 339.39268220 334.29382564
 0.180 403.39473193 374.09511594 357.25593704 347.16576900 340.18770261 335.00854606
 0.185 403.77502733 375.10350494 358.22684457 348.03709287 340.96676802 335.70954437
 0.190 404.13031050 376.08036982 359.17418490 348.88956355 341.73005858 336.39695025
 0.195 404.46222524 377.02661427 360.09839619 349.72344389 342.47775081 337.07089088
 0.200 404.77230726 377.94311363 360.99990591 350.53899102 343.21001763 337.73149093
 0.205 405.06199124 378.83071571 361.87913100 351.33645640 343.92702835 338.37887262
 0.210 405.33261749 379.69024163 362.73647815 352.11608593 344.62894881 339.01315572
 0.215 405.58543812 380.52248649 363.57234388 352.87811998 345.31594132 339.63445756
 0.220 405.82162290 381.32822019 364.38711479 353.62279354 345.98816475 340.24289310
 0.225 406.04226459 382.10818809 365.18116773 354.35033621 346.64577456 340.83857489
 0.230 406.24838406 382.86311171 365.95486997 355.06097233 347.28892282 341.42161314
 0.235 406.44093497 383.59368942 366.70857936 355.75492101 347.91775826 341.99211571
 0.240 406.62080822 384.30059704 367.44264450 356.43239623 348.53242631 342.55018815
 0.245 406.78883604 384.98448852 368.15740491 357.09360688 349.13306910 343.09593369
 0.250 406.94579586 385.64599650 368.85319117 357.73875684 349.71982555 343.62945332
 0.255 407.09241390 386.28573293 369.53032511 358.36804504 350.29283133 344.15084572
 0.260 407.22936853 386.90428962 370.18911990 358.98166550 350.85221896 344.66020735
 0.265 407.35729341 387.50223876 370.82988026 359.57980744 351.39811781 345.15763246
 0.270 407.47678042 388.08013350 371.45290255 360.16265529 351.93065410 345.64321306
 0.275 407.58838240 388.63850845 372.05847491 360.73038877 352.44995100 346.11703899
 0.280 407.69261570 389.17788013 372.64687745 361.28318292 352.95612859 346.57919791
 0.285 407.78996260 389.69874750 373.21838232 361.82120820 353.44930393 347.02977532
 0.290 407.88087349 390.20159241 373.77325383 362.34463050 353.92959107 347.46885457
 0.295 407.96576900 390.68688001 374.31174863 362.85361123 354.39710108 347.89651691
 0.300 408.04504192 391.15505924 374.83411578 363.34830730 354.85194207 348.31284144
 0.305 408.11905904 391.60656319 375.34059689 363.82887127 355.29421922 348.71790519
 0.310 408.18816281 392.04180954 375.83142621 364.29545131 355.72403481 349.11178309
 0.315 408.25267296 392.46120093 376.30683076 364.74819128 356.14148824 349.49454802
 0.320 408.31288796 392.86512531 376.76703042 365.18723079 356.54667605 349.86627079
 0.325 408.36908643 393.25395634 377.21223805 365.61270520 356.93969194 350.22702016
 0.330 408.42152836 393.62805373 377.64265955 366.02474572 357.32062680 350.57686288
 0.335 408.47045642 393.98776354 378.05849402 366.42347938 357.68956872 350.91586367
 0.340 408.51609696 394.33341853 378.45993377 366.80902913 358.04660301 351.24408524
 0.345 408.55866116 394.66533846 378.84716449 367.18151386 358.39181225 351.56158832
 0.350 408.59834596 394.98383036 379.22036526 367.54104842 358.72527626 351.86843164
 0.355 408.63533497 395.28918887 379.57970872 367.88774366 359.04707216 352.16467198
 0.360 408.66979933 395.58169648 379.92536105 368.22170650 359.35727437 352.45036413
 0.365 408.70189850 395.86162376 380.25748212 368.54303989 359.65595462 352.72556096
 0.370 408.73178100 396.12922968 380.57622556 368.85184292 359.94318199 352.99031336
 0.375 408.75958507 396.38476178 380.88173878 369.14821081 360.21902289 353.24467034
 0.380 408.78543938 396.62845645 381.17416309 369.43223495 360.48354112 353.48867893
 0.385 408.80946354 396.86053913 381.45363374 369.70400290 360.73679784 353.72238429
 0.390 408.83176870 397.08122451 381.72028000 369.96359846 360.97885163 353.94582964
 0.395 408.85245806 397.29071674 381.97422518 370.21110169 361.20975846 354.15905633
 0.400 408.87162736 397.48920961 382.21558675 370.44658889 361.42957172 354.36210381
 0.405 408.88936528 397.67688675 382.44447633 370.67013267 361.63834226 354.55500963
 0.410 408.90575389 397.85392177 382.66099980 370.88180197 361.83611834 354.73780950
 0.415 408.92086902 398.02047844 382.86525730 371.08166204 362.02294572 354.91053721
 0.420 408.93478061 398.17671083 383.05734330 371.26977452 362.19886758 355.07322474
 0.425 408.94755301 398.32276348 383.23734664 371.44619740 362.36392462 355.22590218
 0.430 408.95924533 398.45877149 383.40535059 371.61098509 362.51815500 355.36859777
 0.435 408.96991166 398.58486067 383.56143284 371.76418840 362.66159439 355.50133791
 0.440 408.97960136 398.70114768 383.70566558 371.90585456 362.79427596 355.62414716
 0.445 408.98835925 398.80774008 383.83811554 372.03602726 362.91623040 355.73704824
 0.450 408.99622586 398.90473648 383.95884396 372.15474663 363.02748590 355.84006205
 0.455 409.00323758 398.99222661 384.06790668 372.26204928 363.12806820 355.93320762
 0.460 409.00942685 399.07029140 384.16535415 372.35796830 363.21800055 356.01650221
 0.465 409.01482232 399.13900307 384.25123145 372.44253326 363.29730376 356.08996121
 0.470 409.01944894 399.19842519 384.32557828 372.51577023 363.36599616 356.15359821
 0.475 409.02332812 399.24861271 384.38842904 372.57770180 363.42409363 356.20742500
 0.480 409.02647782 399.28961207 384.43981280 372.62834707 363.47160962 356.25145153
 0.485 409.02891259 399.32146119 384.47975332 372.66772165 363.50855511 356.28568594
 0.490 409.03064372 399.34418955 384.50826907 372.69583768 363.53493865 356.31013457
 0.495 409.03167920 399.35781816 384.52537325 372.71270383 363.55076633 356.32480194
 0.500 409.03202383 399.36235963 384.53107376 372.71832531 363.55604181 356.32969076
 0.505 409.03167920 399.35781816 384.52537325 372.71270383 363.55076633 356.32480194
 0.510 409.03064372 399.34418955 384.50826907 372.69583768 363.53493865 356.31013457
 0.515 409.02891259 399.32146119 384.47975332 372.66772165 363.50855511 356.28568594
 0.520 409.02647782 399.28961207 384.43981280 372.62834707 363.47160962 356.25145153
 0.525 409.02332812 399.24861271 384.38842904 372.57770180 363.42409363 356.20742500
 0.530 409.01944894 399.19842519 384.32557828 372.51577023 363.36599616 356.15359821
 0.535 409.01482232 399.13900307 384.25123145 372.44253326 363.29730376 356.08996121
 0.540 409.00942685 399.07029140 384.16535415 372.35796830 363.21800055 356.01650221
 0.545 409.00323758 398.99222661 384.06790668 372.26204928 363.12806820 355.93320762
 0.550 408.99622586 398.90473648 383.95884396 372.15474663 363.02748590 355.84006205
 0.555 408.98835925 398.80774008 383.83811554 372.03602726 362.91623040 355.73704824
 0.560 408.97960136 398.70114768 383.70566558 371.90585456 362.79427596 355.62414716
 0.565 408.96991166 398.58486067 383.56143284 371.76418840 362.66159439 355.50133791
 0.570 408.95924533 398.45877149 383.40535059 371.61098509 362.51815500 355.36859777
 0.575 408.94755301 398.32276348 383.23734664 371.44619740 362.36392462 355.22590218
 0.580 408.93478061 398.17671083 383.05734330 371.26977452 362.19886758 355.07322474
 0.585 408.92086902 398.02047844 382.86525730 371.08166204 362.02294572 354.91053721
 0.590 408.90575389 397.85392177 382.66099980 370.88180197 361.83611834 354.73780950
 0.595 408.88936528 397.67688675 382.44447633 370.67013267 361.63834226 354.55500963
 0.600 408.87162736 397.48920961 382.21558675 370.44658889 361.42957172 354.36210381
 0.605 408.85245806 397.29071674 381.97422518 370.21110169 361.20975846 354.15905633
 0.610 408.83176870 397.08122451 381.72028000 369.96359846 360.97885163 353.94582964
 0.615 408.80946354 396.86053913 381.45363374 369.70400290 360.73679784 353.72238429
 0.620 408.78543938 396.62845645 381.17416309 369.43223495 360.48354112 353.48867893
 0.625 408.75958507 396.38476178 380.88173878 369.14821081 360.21902289 353.24467034
 0.630 408.73178100 396.12922968 380.57622556 368.85184292 359.94318199 352.99031336
 0.635 408.70189850 395.86162376 380.25748212 368.54303989 359.65595462 352.72556096
 0.640 408.66979933 395.58169648 379.92536105 368.22170650 359.35727437 352.45036413
 0.645 408.63533497 395.28918887 379.57970872 367.88774366 359.04707216 352.16467198
 0.650 408.59834596 394.98383036 379.22036526 367.54104842 358.72527626 351.86843164
 0.655 408.55866116 394.66533846 378.84716449 367.18151386 358.39181225 351.56158832
 0.660 408.51609696 394.33341853 378.45993377 366.80902913 358.04660301 351.24408524
 0.665 408.47045642 393.98776354 378.05849402 366.42347938 357.68956872 350.91586367
 0.670 408.42152836 393.62805373 377.64265955 366.02474572 357.32062680 350.57686288
 0.675 408.36908643 393.25395634 377.21223805 365.61270520 356.93969194 350.22702016
 0.680 408.31288796 392.86512531 376.76703042 365.18723079 356.54667605 349.86627079
 0.685 408.25267296 392.46120093 376.30683076 364.74819128 356.14148824 349.49454802
 0.690 408.18816281 392.04180954 375.83142621 364.29545131 355.72403481 349.11178309
 0.695 408.11905904 391.60656319 375.34059689 363.82887127 355.29421922 348.71790519
 0.700 408.04504192 391.15505924 374.83411578 363.34830730 354.85194207 348.31284144
 0.705 407.96576900 390.68688001 374.31174863 362.85361123 354.39710108 347.89651691
 0.710 407.88087349 390.20159241 373.77325383 362.34463050 353.92959107 347.46885457
 0.715 407.78996260 389.69874750 373.21838232 361.82120820 353.44930393 347.02977532
 0.720 407.69261570 389.17788013 372.64687745 361.28318292 352.95612859 346.57919791
 0.725 407.58838240 388.63850845 372.05847491 360.73038877 352.44995100 346.11703899
 0.730 407.47678042 388.08013350 371.45290255 360.16265529 351.93065410 345.64321306
 0.735 407.35729341 387.50223876 370.82988026 359.57980744 351.39811781 345.15763246
 0.740 407.22936853 386.90428962 370.18911990 358.98166550 350.85221896 344.66020735
 0.745 407.09241390 386.28573293 369.53032511 358.36804504 350.29283133 344.15084572
 0.750 406.94579586 385.64599650 368.85319117 357.73875684 349.71982555 343.62945332
 0.755 406.78883604 384.98448852 368.15740491 357.09360688 349.13306910 343.09593369
 0.760 406.62080822 384.30059704 367.44264450 356.43239623 348.53242631 342.55018815
 0.765 406.44093497 383.59368942 366.70857936 355.75492101 347.91775826 341.99211571
 0.770 406.24838406 382.86311171 365.95486997 355.06097233 347.28892282 341.42161314
 0.775 406.04226459 382.10818809 365.18116773 354.35033621 346.64577456 340.83857489
 0.780 405.82162290 381.32822019 364.38711479 353.62279354 345.98816475 340.24289310
 0.785 405.58543812 380.52248649 363.57234388 352.87811998 345.31594132 339.63445756
 0.790 405.33261749 379.69024163 362.73647815 352.11608593 344.62894881 339.01315572
 0.795 405.06199124 378.83071571 361.87913100 351.33645640 343.92702835 338.37887262
 0.800 404.77230726 377.94311363 360.99990591 350.53899102 343.21001763 337.73149093
 0.805 404.46222524 377.02661427 360.09839619 349.72344389 342.47775081 337.07089088
 0.810 404.13031050 376.08036982 359.17418490 348.88956355 341.73005858 336.39695025
 0.815 403.77502733 375.10350494 358.22684457 348.03709287 340.96676802 335.70954437
 0.820 403.39473193 374.09511594 357.25593704 347.16576900 340.18770261 335.00854606
 0.825 402.98766475 373.05427000 356.26101324 346.27532328 339.39268220 334.29382564
 0.830 402.55194237 371.98000427 355.24161301 345.36548114 338.58152292 333.56525087
 0.835 402.08554880 370.87132497 354.19726485 344.43596205 337.75403721 332.82268698
 0.840 401.58632615 369.72720649 353.12748574 343.48647940 336.91003369 332.06599658
 0.845 401.05196461 368.54659045 352.03178088 342.51674041 336.04931719 331.29503969
 0.850 400.47999182 367.32838468 350.90964349 341.52644609 335.17168867 330.50967367
 0.855 399.86776137 366.07146226 349.76055456 340.51529107 334.27694516 329.70975323
 0.860 399.21244061 364.77466046 348.58398261 339.48296359 333.36487976 328.89513039
 0.865 398.51099752 363.43677962 347.37938347 338.42914533 332.43528154 328.06565444
 0.870 397.76018666 362.05658213 346.14619998 337.35351135 331.48793554 327.22117191
 0.875 396.95653421 360.63279119 344.88386178 336.25573000 330.52262266 326.36152658
 0.880 396.09632183 359.16408970 343.59178500 335.13546278 329.53911969 325.48655942
 0.885 395.17556951 357.64911901 342.26937205 333.99236427 328.53719918 324.59610855
 0.890 394.19001713 356.08647766 340.91601128 332.82608200 327.51662944 323.69000923
 0.895 393.13510475 354.47472010 339.53107673 331.63625636 326.47717444 322.76809383
 0.900 392.00595151 352.81235533 338.11392786 330.42252048 325.41859382 321.83019180
 0.905 390.79733309 351.09784555 336.66390920 329.18450011 324.34064277 320.87612963
 0.910 389.50365745 349.32960471 335.18035010 327.92181353 323.24307201 319.90573080
 0.915 388.11893904 347.50599707 333.66256438 326.63407138 322.12562772 318.91881579
 0.920 386.63677108 345.62533566 332.10985004 325.32087661 320.98805149 317.91520203
 0.925 385.05029588 343.68588074 330.52148892 323.98182431 319.83008025 316.89470383
 0.930 383.35217319 341.68583816 328.89674638 322.61650159 318.65144622 315.85713240
 0.935 381.53454614 339.62335775 327.23487094 321.22448746 317.45187682 314.80229580
 0.940 379.58900498 337.49653156 325.53509396 319.80535272 316.23109465 313.72999886
 0.945 377.50654811 335.30339214 323.79662926 318.35865977 314.98881740 312.64004322
 0.950 375.27754045 333.04191066 322.01867276 316.88396256 313.72475780 311.53222723
 0.955 372.89166887 330.70999511 320.20040214 315.38080636 312.43862351 310.40634593
 0.960 370.33789445 328.30548828 318.34097641 313.84872769 311.13011712 309.26219105
 0.965 367.60440145 325.82616584 316.43953555 312.28725415 309.79893603 308.09955090
 0.970 364.67854258 323.26973424 314.49520011 310.69590427 308.44477239 306.91821039
 0.975 361.54678053 320.63382860 312.50707081 309.07418738 307.06731305 305.71795098
 0.980 358.19462531 317.91601052 310.47422809 307.42160343 305.66623947 304.49855061
 0.985 354.60656723 315.11376582 308.39573173 305.73764286 304.24122764 303.25978369
 0.990 350.76600513 312.22450222 306.27062039 304.02178644 302.79194802 302.00142105
 0.995 346.65516955 309.24554696 304.09791117 302.27350509 301.31806546 300.72322987
 1.000 342.25504056 306.17414428 301.87659915 300.49225976 299.81923912 299.42497370
