     x            1            5           10           15           20           25
 0.000 337.71220619 325.47600401 310.35223335 301.73976188 296.53125906 293.13817821
 0.005 342.17973316 398.05163708 486.72231830 565.53121928 627.70073101 674.98571380
 0.010 346.36799126 450.60770817 579.21109632 665.70565468 718.77140073 751.02714556
 0.015 350.29443762 488.66649585 627.71237169 703.74675580 743.81557776 766.17009872
 0.020 353.97543811 516.22699056 653.14652450 718.19281052 750.70265573 769.18567884
 0.025 357.42633558 536.18508473 666.48423828 723.67867951 752.59658273 769.78620394
 0.030 360.66151374 550.63785589 673.47855849 725.76193055 753.11740730 769.90579301
 0.035 363.69445719 561.10391504 677.14639212 726.55304220 753.26063259 769.92960807
 0.040 366.53780759 568.68297327 679.06981043 726.85346574 753.30001914 769.93435062
 0.045 369.20341633 574.17139281 680.07845433 726.96755116 753.31085033 769.93529506
 0.050 371.70239398 578.14586408 680.60738893 727.01087494 753.31382888 769.93548313
 0.055 374.04515657 581.02400079 680.88476315 727.02732708 753.31464797 769.93552059
 0.060 376.24146899 583.10822040 681.03021867 727.03357476 753.31487322 769.93552805
 0.065 378.30048572 584.61752028 681.10649580 727.03594731 753.31493516 769.93552953
 0.070 380.23078898 585.71048866 681.14649566 727.03684828 753.31495219 769.93552983
 0.075 382.04042449 586.50196813 681.16747166 727.03719042 753.31495688 769.93552989
 0.080 383.73693502 587.07512264 681.17847150 727.03732035 753.31495817 769.93552990
 0.085 385.32739181 587.49017584 681.18423984 727.03736969 753.31495852 769.93552990
 0.090 386.81842408 587.79073906 681.18726477 727.03738843 753.31495862 769.93552990
 0.095 388.21624661 588.00839368 681.18885105 727.03739554 753.31495865 769.93552990
 0.100 389.52668569 588.16600955 681.18968289 727.03739824 753.31495865 769.93552990
 0.105 390.75520337 588.28014801 681.19011912 727.03739927 753.31495865 769.93552990
 0.110 391.90692026 588.36280204 681.19034787 727.03739966 753.31495866 769.93552990
 0.115 392.98663685 588.42265645 681.19046783 727.03739981 753.31495866 769.93552990
 0.120 393.99885351 588.46600037 681.19053074 727.03739986 753.31495866 769.93552990
 0.125 394.94778927 588.49738812 681.19056373 727.03739989 753.31495866 769.93552990
 0.130 395.83739942 588.52011775 681.19058103 727.03739989 753.31495866 769.93552990
 0.135 396.67139195 588.53657754 681.19059010 727.03739990 753.31495866 769.93552990
 0.140 397.45324303 588.54849700 681.19059485 727.03739990 753.31495866 769.93552990
 0.145 398.18621151 588.55712854 681.19059735 727.03739990 753.31495866 769.93552990
 0.150 398.87335248 588.56337912 681.19059866 727.03739990 753.31495866 769.93552990
 0.155 399.51753002 588.56790552 681.19059934 727.03739990 753.31495866 769.93552990
 0.160 400.12142915 588.57118334 681.19059970 727.03739990 753.31495866 769.93552990
 0.165 400.68756697 588.57355699 681.19059989 727.03739990 753.31495866 769.93552990
 0.170 401.21830322 588.57527588 681.19059999 727.03739990 753.31495866 769.93552990
 0.175 401.71585007 588.57652063 681.19060004 727.03739990 753.31495866 769.93552990
 0.180 402.18228135 588.57742202 681.19060007 727.03739990 753.31495866 769.93552990
 0.185 402.61954119 588.57807476 681.19060008 727.03739990 753.31495866 769.93552990
 0.190 403.02945215 588.57854746 681.19060009 727.03739990 753.31495866 769.93552990
 0.195 403.41372277 588.57888976 681.19060010 727.03739990 753.31495866 769.93552990
 0.200 403.77395475 588.57913764 681.19060010 727.03739990 753.31495866 769.93552990
 0.205 404.11164958 588.57931714 681.19060010 727.03739990 753.31495866 769.93552990
 0.210 404.42821479 588.57944713 681.19060010 727.03739990 753.31495866 769.93552990
 0.215 404.72496988 588.57954126 681.19060010 727.03739990 753.31495866 769.93552990
 0.220 405.00315175 588.57960943 681.19060010 727.03739990 753.31495866 769.93552990
 0.225 405.26391989 588.57965879 681.19060010 727.03739990 753.31495866 769.93552990
 0.230 405.50836122 588.57969454 681.19060010 727.03739990 753.31495866 769.93552990
 0.235 405.73749459 588.57972042 681.19060010 727.03739990 753.31495866 769.93552990
 0.240 405.95227507 588.57973917 681.19060010 727.03739990 753.31495866 769.93552990
 0.245 406.15359787 588.57975274 681.19060010 727.03739990 753.31495866 769.93552990
 0.250 406.34230214 588.57976257 681.19060010 727.03739990 753.31495866 769.93552990
 0.255 406.51917441 588.57976969 681.19060010 727.03739990 753.31495866 769.93552990
 0.260 406.68495191 588.57977485 681.19060010 727.03739990 753.31495866 769.93552990
 0.265 406.84032562 588.57977858 681.19060010 727.03739990 753.31495866 769.93552990
 0.270 406.98594315 588.57978128 681.19060010 727.03739990 753.31495866 769.93552990
 0.275 407.12241146 588.57978324 681.19060010 727.03739990 753.31495866 769.93552990
 0.280 407.25029936 588.57978466 681.19060010 727.03739990 753.31495866 769.93552990
 0.285 407.37013990 588.57978568 681.19060010 727.03739990 753.31495866 769.93552990
 0.290 407.48243259 588.57978643 681.19060010 727.03739990 753.31495866 769.93552990
 0.295 407.58764548 588.57978697 681.19060010 727.03739990 753.31495866 769.93552990
 0.300 407.68621710 588.57978736 681.19060010 727.03739990 753.31495866 769.93552990
 0.305 407.77855833 588.57978764 681.19060010 727.03739990 753.31495866 769.93552990
 0.310 407.86505403 588.57978784 681.19060010 727.03739990 753.31495866 769.93552990
 0.315 407.94606475 588.57978799 681.19060010 727.03739990 753.31495866 769.93552990
 0.320 408.02192814 588.57978810 681.19060010 727.03739990 753.31495866 769.93552990
 0.325 408.09296040 588.57978818 681.19060010 727.03739990 753.31495866 769.93552990
 0.330 408.15945761 588.57978823 681.19060010 727.03739990 753.31495866 769.93552990
 0.335 408.22169694 588.57978827 681.19060010 727.03739990 753.31495866 769.93552990
 0.340 408.27993781 588.57978830 681.19060010 727.03739990 753.31495866 769.93552990
 0.345 408.33442296 588.57978832 681.19060010 727.03739990 753.31495866 769.93552990
 0.350 408.38537951 588.57978834 681.19060010 727.03739990 753.31495866 769.93552990
 0.355 408.43301984 588.57978835 681.19060010 727.03739990 753.31495866 769.93552990
 0.360 408.47754253 588.57978836 681.19060010 727.03739990 753.31495866 769.93552990
 0.365 408.51913315 588.57978836 681.19060010 727.03739990 753.31495866 769.93552990
 0.370 408.55796505 588.57978837 681.19060010 727.03739990 753.31495866 769.93552990
 0.375 408.59420009 588.57978837 681.19060010 727.03739990 753.31495866 769.93552990
 0.380 408.62798930 588.57978837 681.19060010 727.03739990 753.31495866 769.93552990
 0.385 408.65947352 588.57978838 681.19060010 727.03739990 753.31495866 769.93552990
 0.390 408.68878399 588.57978838 681.19060010 727.03739990 753.31495866 769.93552990
 0.395 408.71604286 588.57978838 681.19060010 727.03739990 753.31495866 769.93552990
 0.400 408.74136376 588.57978838 681.19060010 727.03739990 753.31495866 769.93552990
 0.405 408.76485222 588.57978838 681.19060010 727.03739990 753.31495866 769.93552990
 0.410 408.78660616 588.57978838 681.19060010 727.03739990 753.31495866 769.93552990
 0.415 408.80671623 588.57978838 681.19060010 727.03739990 753.31495866 769.93552990
 0.420 408.82526627 588.57978838 681.19060010 727.03739990 753.31495866 769.93552990
 0.425 408.84233359 588.57978838 681.19060010 727.03739990 753.31495866 769.93552990
 0.430 408.85798934 588.57978838 681.19060010 727.03739990 753.31495866 769.93552990
 0.435 408.87229876 588.57978838 681.19060010 727.03739990 753.31495866 769.93552990
 0.440 408.88532150 588.57978838 681.19060010 727.03739990 753.31495866 769.93552990
 0.445 408.89711183 588.57978838 681.19060010 727.03739990 753.31495866 769.93552990
 0.450 408.90771891 588.57978838 681.19060010 727.03739990 753.31495866 769.93552990
 0.455 408.91718695 588.57978838 681.19060010 727.03739990 753.31495866 769.93552990
 0.460 408.92555540 588.57978838 681.19060010 727.03739990 753.31495866 769.93552990
 0.465 408.93285915 588.57978838 681.19060010 727.03739990 753.31495866 769.93552990
 0.470 408.93912864 588.57978838 681.19060010 727.03739990 753.31495866 769.93552990
 0.475 408.94439001 588.57978838 681.19060010 727.03739990 753.31495866 769.93552990
 0.480 408.94866518 588.57978838 681.19060010 727.03739990 753.31495866 769.93552990
 0.485 408.95197197 588.57978838 681.19060010 727.03739990 753.31495866 769.93552990
 0.490 408.95432417 588.57978838 681.19060010 727.03739990 753.31495866 769.93552990
 0.495 408.95573158 588.57978838 681.19060010 727.03739990 753.31495866 769.93552990
 0.500 408.95620007 588.57978838 681.19060010 727.03739990 753.31495866 769.93552990
 0.505 408.95573158 588.57978838 681.19060010 727.03739990 753.31495866 769.93552990
 0.510 408.95432417 588.57978838 681.19060010 727.03739990 753.31495866 769.93552990
 0.515 408.95197197 588.57978838 681.19060010 727.03739990 753.31495866 769.93552990
 0.520 408.94866518 588.57978838 681.19060010 727.03739990 753.31495866 769.93552990
 0.525 408.94439001 588.57978838 681.19060010 727.03739990 753.31495866 769.93552990
 0.530 408.93912864 588.57978838 681.19060010 727.03739990 753.31495866 769.93552990
 0.535 408.93285915 588.57978838 681.19060010 727.03739990 753.31495866 769.93552990
 0.540 408.92555540 588.57978838 681.19060010 727.03739990 753.31495866 769.93552990
 0.545 408.91718695 588.57978838 681.19060010 727.03739990 753.31495866 769.93552990
 0.550 408.90771891 588.57978838 681.19060010 727.03739990 753.31495866 769.93552990
 0.555 408.89711183 588.57978838 681.19060010 727.03739990 753.31495866 769.93552990
 0.560 408.88532150 588.57978838 681.19060010 727.03739990 753.31495866 769.93552990
 0.565 408.87229876 588.57978838 681.19060010 727.03739990 753.31495866 769.93552990
 0.570 408.85798934 588.57978838 681.19060010 727.03739990 753.31495866 769.93552990
 0.575 408.84233359 588.57978838 681.19060010 727.03739990 753.31495866 769.93552990
 0.580 408.82526627 588.57978838 681.19060010 727.03739990 753.31495866 769.93552990
 0.585 408.80671623 588.57978838 681.19060010 727.03739990 753.31495866 769.93552990
 0.590 408.78660616 588.57978838 681.19060010 727.03739990 753.31495866 769.93552990
 0.595 408.76485222 588.57978838 681.19060010 727.03739990 753.31495866 769.93552990
 0.600 408.74136376 588.57978838 681.19060010 727.03739990 753.31495866 769.93552990
 0.605 408.71604286 588.57978838 681.19060010 727.03739990 753.31495866 769.93552990
 0.610 408.68878399 588.57978838 681.19060010 727.03739990 753.31495866 769.93552990
 0.615 408.65947352 588.57978838 681.19060010 727.03739990 753.31495866 769.93552990
 0.620 408.62798930 588.57978837 681.19060010 727.03739990 753.31495866 769.93552990
 0.625 408.59420009 588.57978837 681.19060010 727.03739990 753.31495866 769.93552990
 0.630 408.55796505 588.57978837 681.19060010 727.03739990 753.31495866 769.93552990
 0.635 408.51913315 588.57978836 681.19060010 727.03739990 753.31495866 769.93552990
 0.640 408.47754253 588.57978836 681.19060010 727.03739990 753.31495866 769.93552990
 0.645 408.43301984 588.57978835 681.19060010 727.03739990 753.31495866 769.93552990
 0.650 408.38537951 588.57978834 681.19060010 727.03739990 753.31495866 769.93552990
 0.655 408.33442296 588.57978832 681.19060010 727.03739990 753.31495866 769.93552990
 0.660 408.27993781 588.57978830 681.19060010 727.03739990 753.31495866 769.93552990
 0.665 408.22169694 588.57978827 681.19060010 727.03739990 753.31495866 769.93552990
 0.670 408.15945761 588.57978823 681.19060010 727.03739990 753.31495866 769.93552990
 0.675 408.09296040 588.57978818 681.19060010 727.03739990 753.31495866 769.93552990
 0.680 408.02192814 588.57978810 681.19060010 727.03739990 753.31495866 769.93552990
 0.685 407.94606475 588.57978799 681.19060010 727.03739990 753.31495866 769.93552990
 0.690 407.86505403 588.57978784 681.19060010 727.03739990 753.31495866 769.93552990
 0.695 407.77855833 588.57978764 681.19060010 727.03739990 753.31495866 769.93552990
 0.700 407.68621710 588.57978736 681.19060010 727.03739990 753.31495866 769.93552990
 0.705 407.58764548 588.57978697 681.19060010 727.03739990 753.31495866 769.93552990
 0.710 407.48243259 588.57978643 681.19060010 727.03739990 753.31495866 769.93552990
 0.715 407.37013990 588.57978568 681.19060010 727.03739990 753.31495866 769.93552990
 0.720 407.25029936 588.57978466 681.19060010 727.03739990 753.31495866 769.93552990
 0.725 407.12241146 588.57978324 681.19060010 727.03739990 753.31495866 769.93552990
 0.730 406.98594315 588.57978128 681.19060010 727.03739990 753.31495866 769.93552990
 0.735 406.84032562 588.57977858 681.19060010 727.03739990 753.31495866 769.93552990
 0.740 406.68495191 588.57977485 681.19060010 727.03739990 753.31495866 769.93552990
 0.745 406.51917441 588.57976969 681.19060010 727.03739990 753.31495866 769.93552990
 0.750 406.34230214 588.57976257 681.19060010 727.03739990 753.31495866 769.93552990
 0.755 406.15359787 588.57975274 681.19060010 727.03739990 753.31495866 769.93552990
 0.760 405.95227507 588.57973917 681.19060010 727.03739990 753.31495866 769.93552990
 0.765 405.73749459 588.57972042 681.19060010 727.03739990 753.31495866 769.93552990
 0.770 405.50836122 588.57969454 681.19060010 727.03739990 753.31495866 769.93552990
 0.775 405.26391989 588.57965879 681.19060010 727.03739990 753.31495866 769.93552990
 0.780 405.00315175 588.57960943 681.19060010 727.03739990 753.31495866 769.93552990
 0.785 404.72496988 588.57954126 681.19060010 727.03739990 753.31495866 769.93552990
 0.790 404.42821479 588.57944713 681.19060010 727.03739990 753.31495866 769.93552990
 0.795 404.11164958 588.57931714 681.19060010 727.03739990 753.31495866 769.93552990
 0.800 403.77395475 588.57913764 681.19060010 727.03739990 753.31495866 769.93552990
 0.805 403.41372277 588.57888976 681.19060010 727.03739990 753.31495866 769.93552990
 0.810 403.02945215 588.57854746 681.19060009 727.03739990 753.31495866 769.93552990
 0.815 402.61954119 588.57807476 681.19060008 727.03739990 753.31495866 769.93552990
 0.820 402.18228135 588.57742202 681.19060007 727.03739990 753.31495866 769.93552990
 0.825 401.71585007 588.57652063 681.19060004 727.03739990 753.31495866 769.93552990
 0.830 401.21830322 588.57527588 681.19059999 727.03739990 753.31495866 769.93552990
 0.835 400.68756697 588.57355699 681.19059989 727.03739990 753.31495866 769.93552990
 0.840 400.12142915 588.57118334 681.19059970 727.03739990 753.31495866 769.93552990
 0.845 399.51753002 588.56790552 681.19059934 727.03739990 753.31495866 769.93552990
 0.850 398.87335248 588.56337912 681.19059866 727.03739990 753.31495866 769.93552990
 0.855 398.18621151 588.55712854 681.19059735 727.03739990 753.31495866 769.93552990
 0.860 397.45324303 588.54849700 681.19059485 727.03739990 753.31495866 769.93552990
 0.865 396.67139195 588.53657754 681.19059010 727.03739990 753.31495866 769.93552990
 0.870 395.83739942 588.52011775 681.19058103 727.03739989 753.31495866 769.93552990
 0.875 394.94778927 588.49738812 681.19056373 727.03739989 753.31495866 769.93552990
 0.880 393.99885351 588.46600037 681.19053074 727.03739986 753.31495866 769.93552990
 0.885 392.98663685 588.42265645 681.19046783 727.03739981 753.31495866 769.93552990
 0.890 391.90692026 588.36280204 681.19034787 727.03739966 753.31495866 769.93552990
 0.895 390.75520337 588.28014801 681.19011912 727.03739927 753.31495865 769.93552990
 0.900 389.52668569 588.16600955 681.18968289 727.03739824 753.31495865 769.93552990
 0.905 388.21624661 588.00839368 681.18885105 727.03739554 753.31495865 769.93552990
 0.910 386.81842408 587.79073906 681.18726477 727.03738843 753.31495862 769.93552990
 0.915 385.32739181 587.49017584 681.18423984 727.03736969 753.31495852 769.93552990
 0.920 383.73693502 587.07512264 681.17847150 727.03732035 753.31495817 769.93552990
 0.925 382.04042449 586.50196813 681.16747166 727.03719042 753.31495688 769.93552989
 0.930 380.23078898 585.71048866 681.14649566 727.03684828 753.31495219 769.93552983
 0.935 378.30048572 584.61752028 681.10649580 727.03594731 753.31493516 769.93552953
 0.940 376.24146899 583.10822040 681.03021867 727.03357476 753.31487322 769.93552805
 0.945 374.04515657 581.02400079 680.88476315 727.02732708 753.31464797 769.93552059
 0.950 371.70239398 578.14586408 680.60738893 727.01087494 753.31382888 769.93548313
 0.955 369.20341633 574.17139281 680.07845433 726.96755116 753.31085033 769.93529506
 0.960 366.53780759 568.68297327 679.06981043 726.85346574 753.30001914 769.93435062
 0.965 363.69445719 561.10391504 677.14639212 726.55304220 753.26063259 769.92960807
 0.970 360.66151374 550.63785589 673.47855849 725.76193055 753.11740730 769.90579301
 0.975 357.42633558 536.18508473 666.48423828 723.67867951 752.59658273 769.78620394
 0.980 353.97543811 516.22699056 653.14652450 718.19281052 750.70265573 769.18567884
 0.985 350.29443762 488.66649585 627.71237169 703.74675580 743.81557776 766.17009872
 0.990 346.36799126 450.60770817 579.21109632 665.70565468 718.77140073 751.02714556
 0.995 342.17973316 398.05163708 486.72231830 565.53121928 627.70073101 674.98571380
 1.000 337.71220619 325.47600401 310.35223335 301.73976188 296.53125906 293.13817821
