     x        0.005         0.01        0.015         0.02        0.025         0.03
 0.000 347.06345301 337.71220619 332.31934066 328.69920336 326.05290835 324.00899488
 0.005 352.48285884 342.17973316 336.26518998 332.28930627 329.37632739 327.12107186
 0.010 357.42945200 346.36799126 340.00844852 335.71919035 332.56672017 330.11916354
 0.015 361.94448273 350.29443762 343.55951660 338.99600243 335.62940476 333.00743440
 0.020 366.06560242 353.97543811 346.92826061 342.12657039 338.56948634 335.78989641
 0.025 369.82717759 357.42633558 350.12404032 345.11741737 341.39186572 338.47041454
 0.030 373.26057648 360.66151374 353.15573495 347.97477540 344.10124753 341.05271216
 0.035 376.39443062 363.69445719 356.03176784 350.70459833 346.70214803 343.54037622
 0.040 379.25487360 366.53780759 358.76012980 353.31257428 349.19890265 345.93686219
 0.045 381.86575900 369.20341633 361.34840138 355.80413748 351.59567324 348.24549893
 0.050 384.24885932 371.70239398 363.80377389 358.18447959 353.89645495 350.46949324
 0.055 386.42404752 374.04515657 366.13306938 360.45856051 356.10508297 352.61193435
 0.060 388.40946275 376.24146899 368.34275962 362.63111874 358.22523885 354.67579823
 0.065 390.22166165 378.30048572 370.43898405 364.70668121 360.26045667 356.66395169
 0.070 391.87575635 380.23078898 372.42756687 366.68957279 362.21412894 358.57915637
 0.075 393.38554055 382.04042449 374.31403320 368.58392519 364.08951222 360.42407258
 0.080 394.76360454 383.73693502 376.10362444 370.39368568 365.88973260 362.20126300
 0.085 396.02144014 385.32739181 377.80131282 372.12262525 367.61779085 363.91319625
 0.090 397.16953662 386.81842408 379.41181524 373.77434647 369.27656747 365.56225027
 0.095 398.21746807 388.21624661 380.93960635 375.35229104 370.86882747 367.15071570
 0.100 399.17397334 389.52668569 382.38893100 376.85974691 372.39722499 368.68079898
 0.105 400.04702884 390.75520337 383.76381602 378.29985515 373.86430771 370.15462547
 0.110 400.84391507 391.90692026 385.06808141 379.67561651 375.27252112 371.57424240
 0.115 401.57127738 392.98663685 386.30535099 380.98989766 376.62421255 372.94162169
 0.120 402.23518133 393.99885351 387.47906240 382.24543716 377.92163513 374.25866268
 0.125 402.84116329 394.94778927 388.59247671 383.44485117 379.16695155 375.52719482
 0.130 403.39427661 395.83739942 389.64868745 384.59063891 380.36223762 376.74898017
 0.135 403.89913379 396.67139195 390.65062922 385.68518784 381.50948575 377.92571583
 0.140 404.35994489 397.45324303 391.60108583 386.73077868 382.61060829 379.05903636
 0.145 404.78055265 398.18621151 392.50269806 387.72959011 383.66744071 380.15051599
 0.150 405.16446460 398.87335248 393.35797096 388.68370336 384.68174463 381.20167085
 0.155 405.51488220 399.51753002 394.16928084 389.59510650 385.65521079 382.21396104
 0.160 405.83472765 400.12142915 394.93888187 390.46569862 386.58946187 383.18879268
 0.165 406.12666816 400.68756697 395.66891230 391.29729377 387.48605516 384.12751985
 0.170 406.39313827 401.21830322 396.36140049 392.09162474 388.34648519 385.03144651
 0.175 406.63636010 401.71585007 397.01827045 392.85034668 389.17218622 385.90182825
 0.180 406.85836191 402.18228135 397.64134724 393.57504052 389.96453461 386.73987406
 0.185 407.06099500 402.61954119 398.23236203 394.26721631 390.72485111 387.54674805
 0.190 407.24594915 403.02945215 398.79295691 394.92831634 391.45440310 388.32357099
 0.195 407.41476672 403.41372277 399.32468945 395.55971813 392.15440666 389.07142194
 0.200 407.56885550 403.77395475 399.82903703 396.16273734 392.82602864 389.79133969
 0.205 407.70950044 404.11164958 400.30740093 396.73863046 393.47038855 390.48432424
 0.210 407.83787442 404.42821479 400.76111025 397.28859750 394.08856048 391.15133820
 0.215 407.95504795 404.72496988 401.19142559 397.81378440 394.68157486 391.79330806
 0.220 408.06199815 405.00315175 401.59954254 398.31528550 395.25042019 392.41112556
 0.225 408.15961691 405.26391989 401.98659503 398.79414578 395.79604466 393.00564889
 0.230 408.24871826 405.50836122 402.35365845 399.25136303 396.31935779 393.57770385
 0.235 408.33004525 405.73749459 402.70175265 399.68788995 396.82123187 394.12808507
 0.240 408.40427607 405.95227507 403.03184479 400.10463614 397.30250349 394.65755704
 0.245 408.47202973 406.15359787 403.34485200 400.50246997 397.76397487 395.16685525
 0.250 408.53387124 406.34230214 403.64164396 400.88222039 398.20641525 395.65668711
 0.255 408.59031631 406.51917441 403.92304526 401.24467870 398.63056211 396.12773304
 0.260 408.64183564 406.68495191 404.18983777 401.59060015 399.03712248 396.58064734
 0.265 408.68885885 406.84032562 404.44276274 401.92070553 399.42677405 397.01605914
 0.270 408.73177808 406.98594315 404.68252291 402.23568268 399.80016633 397.43457323
 0.275 408.77095124 407.12241146 404.90978442 402.53618792 400.15792171 397.83677096
 0.280 408.80670499 407.25029936 405.12517872 402.82284740 400.50063656 398.22321100
 0.285 408.83933749 407.37013990 405.32930426 403.09625845 400.82888213 398.59443014
 0.290 408.86912086 407.48243259 405.52272817 403.35699076 401.14320558 398.95094401
 0.295 408.89630348 407.58764548 405.70598789 403.60558762 401.44413085 399.29324783
 0.300 408.92111202 407.68621710 405.87959257 403.84256703 401.73215956 399.62181708
 0.305 408.94375337 407.77855833 406.04402456 404.06842279 402.00777182 399.93710815
 0.310 408.96441633 407.86505403 406.19974073 404.28362550 402.27142704 400.23955901
 0.315 408.98327321 407.94606475 406.34717372 404.48862359 402.52356472 400.52958977
 0.320 409.00048127 408.02192814 406.48673317 404.68384421 402.76460514 400.80760330
 0.325 409.01618400 408.09296040 406.61880681 404.86969414 402.99495010 401.07398577
 0.330 409.03051235 408.15945761 406.74376163 405.04656063 403.21498354 401.32910721
 0.335 409.04358581 408.22169694 406.86194478 405.21481222 403.42507225 401.57332198
 0.340 409.05551340 408.27993781 406.97368464 405.37479950 403.62556643 401.80696932
 0.345 409.06639458 408.33442296 407.07929165 405.52685582 403.81680027 402.03037376
 0.350 409.07632009 408.38537951 407.17905926 405.67129803 403.99909255 402.24384565
 0.355 409.08537271 408.43301984 407.27326464 405.80842711 404.17274712 402.44768148
 0.360 409.09362792 408.47754253 407.36216954 405.93852878 404.33805345 402.64216441
 0.365 409.10115457 408.51913315 407.44602098 406.06187414 404.49528709 402.82756458
 0.370 409.10801542 408.55796505 407.52505194 406.17872021 404.64471013 403.00413952
 0.375 409.11426768 408.59420009 407.59948198 406.28931045 404.78657165 403.17213450
 0.380 409.11996349 408.62798930 407.66951792 406.39387530 404.92110812 403.33178287
 0.385 409.12515036 408.65947352 407.73535434 406.49263264 405.04854378 403.48330640
 0.390 409.12987153 408.68878399 407.79717416 406.58578826 405.16909107 403.62691556
 0.395 409.13416637 408.71604286 407.85514915 406.67353626 405.28295093 403.76280982
 0.400 409.13807071 408.74136376 407.90944037 406.75605947 405.39031314 403.89117795
 0.405 409.14161710 408.76485222 407.96019868 406.83352986 405.49135667 404.01219827
 0.410 409.14483510 408.78660616 408.00756511 406.90610885 405.58624995 404.12603887
 0.415 409.14775157 408.80671623 408.05167126 406.97394767 405.67515116 404.23285789
 0.420 409.15039081 408.82526627 408.09263966 407.03718768 405.75820848 404.33280370
 0.425 409.15277485 408.84233359 408.13058416 407.09596065 405.83556036 404.42601513
 0.430 409.15492355 408.85798934 408.16561018 407.15038904 405.90733575 404.51262166
 0.435 409.15685484 408.87229876 408.19781503 407.20058627 405.97365428 404.59274358
 0.440 409.15858482 408.88532150 408.22728819 407.24665693 406.03462650 404.66649220
 0.445 409.16012792 408.89711183 408.25411155 407.28869701 406.09035404 404.73396994
 0.450 409.16149701 408.90771891 408.27835964 407.32679413 406.14092980 404.79527055
 0.455 409.16270350 408.91718695 408.30009983 407.36102766 406.18643808 404.85047917
 0.460 409.16375745 408.92555540 408.31939252 407.39146893 406.22695474 404.89967249
 0.465 409.16466766 408.93285915 408.33629132 407.41818137 406.26254732 404.94291884
 0.470 409.16544171 408.93912864 408.35084317 407.44122065 406.29327514 404.98027829
 0.475 409.16608607 408.94439001 408.36308852 407.46063477 406.31918942 405.01180273
 0.480 409.16660609 408.94866518 408.37306137 407.47646418 406.34033337 405.03753597
 0.485 409.16700613 408.95197197 408.38078945 407.48874187 406.35674222 405.05751373
 0.490 409.16728951 408.95432417 408.38629422 407.49749342 406.36844333 405.07176377
 0.495 409.16745860 408.95573158 408.38959097 407.50273707 406.37545621 405.08030588
 0.500 409.16751480 408.95620007 408.39068887 407.50448374 406.37779253 405.08315193
 0.505 409.16745860 408.95573158 408.38959097 407.50273707 406.37545621 405.08030588
 0.510 409.16728951 408.95432417 408.38629422 407.49749342 406.36844333 405.07176377
 0.515 409.16700613 408.95197197 408.38078945 407.48874187 406.35674222 405.05751373
 0.520 409.16660609 408.94866518 408.37306137 407.47646418 406.34033337 405.03753597
 0.525 409.16608607 408.94439001 408.36308852 407.46063477 406.31918942 405.01180273
 0.530 409.16544171 408.93912864 408.35084317 407.44122065 406.29327514 404.98027829
 0.535 409.16466766 408.93285915 408.33629132 407.41818137 406.26254732 404.94291884
 0.540 409.16375745 408.92555540 408.31939252 407.39146893 406.22695474 404.89967249
 0.545 409.16270350 408.91718695 408.30009983 407.36102766 406.18643808 404.85047917
 0.550 409.16149701 408.90771891 408.27835964 407.32679413 406.14092980 404.79527055
 0.555 409.16012792 408.89711183 408.25411155 407.28869701 406.09035404 404.73396994
 0.560 409.15858482 408.88532150 408.22728819 407.24665693 406.03462650 404.66649220
 0.565 409.15685484 408.87229876 408.19781503 407.20058627 405.97365428 404.59274358
 0.570 409.15492355 408.85798934 408.16561018 407.15038904 405.90733575 404.51262166
 0.575 409.15277485 408.84233359 408.13058416 407.09596065 405.83556036 404.42601513
 0.580 409.15039081 408.82526627 408.09263966 407.03718768 405.75820848 404.33280370
 0.585 409.14775157 408.80671623 408.05167126 406.97394767 405.67515116 404.23285789
 0.590 409.14483510 408.78660616 408.00756511 406.90610885 405.58624995 404.12603887
 0.595 409.14161710 408.76485222 407.96019868 406.83352986 405.49135667 404.01219827
 0.600 409.13807071 408.74136376 407.90944037 406.75605947 405.39031314 403.89117795
 0.605 409.13416637 408.71604286 407.85514915 406.67353626 405.28295093 403.76280982
 0.610 409.12987153 408.68878399 407.79717416 406.58578826 405.16909107 403.62691556
 0.615 409.12515036 408.65947352 407.73535434 406.49263264 405.04854378 403.48330640
 0.620 409.11996349 408.62798930 407.66951792 406.39387530 404.92110812 403.33178287
 0.625 409.11426768 408.59420009 407.59948198 406.28931045 404.78657165 403.17213450
 0.630 409.10801542 408.55796505 407.52505194 406.17872021 404.64471013 403.00413952
 0.635 409.10115457 408.51913315 407.44602098 406.06187414 404.49528709 402.82756458
 0.640 409.09362792 408.47754253 407.36216954 405.93852878 404.33805345 402.64216441
 0.645 409.08537271 408.43301984 407.27326464 405.80842711 404.17274712 402.44768148
 0.650 409.07632009 408.38537951 407.17905926 405.67129803 403.99909255 402.24384565
 0.655 409.06639458 408.33442296 407.07929165 405.52685582 403.81680027 402.03037376
 0.660 409.05551340 408.27993781 406.97368464 405.37479950 403.62556643 401.80696932
 0.665 409.04358581 408.22169694 406.86194478 405.21481222 403.42507225 401.57332198
 0.670 409.03051235 408.15945761 406.74376163 405.04656063 403.21498354 401.32910721
 0.675 409.01618400 408.09296040 406.61880681 404.86969414 402.99495010 401.07398577
 0.680 409.00048127 408.02192814 406.48673317 404.68384421 402.76460514 400.80760330
 0.685 408.98327321 407.94606475 406.34717372 404.48862359 402.52356472 400.52958977
 0.690 408.96441633 407.86505403 406.19974073 404.28362550 402.27142704 400.23955901
 0.695 408.94375337 407.77855833 406.04402456 404.06842279 402.00777182 399.93710815
 0.700 408.92111202 407.68621710 405.87959257 403.84256703 401.73215956 399.62181708
 0.705 408.89630348 407.58764548 405.70598789 403.60558762 401.44413085 399.29324783
 0.710 408.86912086 407.48243259 405.52272817 403.35699076 401.14320558 398.95094401
 0.715 408.83933749 407.37013990 405.32930426 403.09625845 400.82888213 398.59443014
 0.720 408.80670499 407.25029936 405.12517872 402.82284740 400.50063656 398.22321100
 0.725 408.77095124 407.12241146 404.90978442 402.53618792 400.15792171 397.83677096
 0.730 408.73177808 406.98594315 404.68252291 402.23568268 399.80016633 397.43457323
 0.735 408.68885885 406.84032562 404.44276274 401.92070553 399.42677405 397.01605914
 0.740 408.64183564 406.68495191 404.18983777 401.59060015 399.03712248 396.58064734
 0.745 408.59031631 406.51917441 403.92304526 401.24467870 398.63056211 396.12773304
 0.750 408.53387124 406.34230214 403.64164396 400.88222039 398.20641525 395.65668711
 0.755 408.47202973 406.15359787 403.34485200 400.50246997 397.76397487 395.16685525
 0.760 408.40427607 405.95227507 403.03184479 400.10463614 397.30250349 394.65755704
 0.765 408.33004525 405.73749459 402.70175265 399.68788995 396.82123187 394.12808507
 0.770 408.24871826 405.50836122 402.35365845 399.25136303 396.31935779 393.57770385
 0.775 408.15961691 405.26391989 401.98659503 398.79414578 395.79604466 393.00564889
 0.780 408.06199815 405.00315175 401.59954254 398.31528550 395.25042019 392.41112556
 0.785 407.95504795 404.72496988 401.19142559 397.81378440 394.68157486 391.79330806
 0.790 407.83787442 404.42821479 400.76111025 397.28859750 394.08856048 391.15133820
 0.795 407.70950044 404.11164958 400.30740093 396.73863046 393.47038855 390.48432424
 0.800 407.56885550 403.77395475 399.82903703 396.16273734 392.82602864 389.79133969
 0.805 407.41476672 403.41372277 399.32468945 395.55971813 392.15440666 389.07142194
 0.810 407.24594915 403.02945215 398.79295691 394.92831634 391.45440310 388.32357099
 0.815 407.06099500 402.61954119 398.23236203 394.26721631 390.72485111 387.54674805
 0.820 406.85836191 402.18228135 397.64134724 393.57504052 389.96453461 386.73987406
 0.825 406.63636010 401.71585007 397.01827045 392.85034668 389.17218622 385.90182825
 0.830 406.39313827 401.21830322 396.36140049 392.09162474 388.34648519 385.03144651
 0.835 406.12666816 400.68756697 395.66891230 391.29729377 387.48605516 384.12751985
 0.840 405.83472765 400.12142915 394.93888187 390.46569862 386.58946187 383.18879268
 0.845 405.51488220 399.51753002 394.16928084 389.59510650 385.65521079 382.21396104
 0.850 405.16446460 398.87335248 393.35797096 388.68370336 384.68174463 381.20167085
 0.855 404.78055265 398.18621151 392.50269806 387.72959011 383.66744071 380.15051599
 0.860 404.35994489 397.45324303 391.60108583 386.73077868 382.61060829 379.05903636
 0.865 403.89913379 396.67139195 390.65062922 385.68518784 381.50948575 377.92571583
 0.870 403.39427661 395.83739942 389.64868745 384.59063891 380.36223762 376.74898017
 0.875 402.84116329 394.94778927 388.59247671 383.44485117 379.16695155 375.52719482
 0.880 402.23518133 393.99885351 387.47906240 382.24543716 377.92163513 374.25866268
 0.885 401.57127738 392.98663685 386.30535099 380.98989766 376.62421255 372.94162169
 0.890 400.84391507 391.90692026 385.06808141 379.67561651 375.27252112 371.57424240
 0.895 400.04702884 390.75520337 383.76381602 378.29985515 373.86430771 370.15462547
 0.900 399.17397334 389.52668569 382.38893100 376.85974691 372.39722499 368.68079898
 0.905 398.21746807 388.21624661 380.93960635 375.35229104 370.86882747 367.15071570
 0.910 397.16953662 386.81842408 379.41181524 373.77434647 369.27656747 365.56225027
 0.915 396.02144014 385.32739181 377.80131282 372.12262525 367.61779085 363.91319625
 0.920 394.76360454 383.73693502 376.10362444 370.39368568 365.88973260 362.20126300
 0.925 393.38554055 382.04042449 374.31403320 368.58392519 364.08951222 360.42407258
 0.930 391.87575635 380.23078898 372.42756687 366.68957279 362.21412894 358.57915637
 0.935 390.22166165 378.30048572 370.43898405 364.70668121 360.26045667 356.66395169
 0.940 388.40946275 376.24146899 368.34275962 362.63111874 358.22523885 354.67579823
 0.945 386.42404752 374.04515657 366.13306938 360.45856051 356.10508297 352.61193435
 0.950 384.24885932 371.70239398 363.80377389 358.18447959 353.89645495 350.46949324
 0.955 381.86575900 369.20341633 361.34840138 355.80413748 351.59567324 348.24549893
 0.960 379.25487360 366.53780759 358.76012980 353.31257428 349.19890265 345.93686219
 0.965 376.39443062 363.69445719 356.03176784 350.70459833 346.70214803 343.54037622
 0.970 373.26057648 360.66151374 353.15573495 347.97477540 344.10124753 341.05271216
 0.975 369.82717759 357.42633558 350.12404032 345.11741737 341.39186572 338.47041454
 0.980 366.06560242 353.97543811 346.92826061 342.12657039 338.56948634 335.78989641
 0.985 361.94448273 350.29443762 343.55951660 338.99600243 335.62940476 333.00743440
 0.990 357.42945200 346.36799126 340.00844852 335.71919035 332.56672017 330.11916354
 0.995 352.48285884 342.17973316 336.26518998 332.28930627 329.37632739 327.12107186
 1.000 347.06345301 337.71220619 332.31934066 328.69920336 326.05290835 324.00899488
