     x         7.56         24.8          342      1656.81         2000         3000
 0.000 295.75586351 296.53261469 297.43899110 297.66945173 297.68927244 297.72789371
 0.005 302.84608908 303.57428540 304.42400406 304.64005855 304.65864027 304.69484731
 0.010 309.49309868 310.17577535 310.97237798 311.17492687 311.19234705 311.22629078
 0.015 315.72459781 316.36460029 317.11140722 317.30129477 317.31762601 317.34944791
 0.020 321.56656005 322.16655596 322.86667996 323.04469763 323.06000800 323.08984072
 0.025 327.04333536 327.60582555 328.26218483 328.42907462 328.44342794 328.47139582
 0.030 332.17775158 332.70508057 333.32041090 333.47686843 333.49032452 333.51654413
 0.035 336.99120954 337.48557529 338.06244144 338.20911884 338.22173379 338.24631442
 0.040 341.50377226 341.96723535 342.50804176 342.64555040 342.65737680 342.68042090
 0.045 345.73424863 346.16874083 346.67574164 346.80465467 346.81574181 346.83734543
 0.050 349.70027175 350.10760407 350.58291253 350.70376727 350.71416135 350.73441454
 0.055 353.41837246 353.80024270 354.24583994 354.35914013 354.36888449 354.38787167
 0.060 356.90404822 357.26204807 357.67979139 357.78600928 357.79514452 357.81294483
 0.065 360.17182772 360.50744936 360.89907997 360.99865828 361.00722249 361.02391012
 0.070 363.23533145 363.54997379 363.91712404 364.01047783 364.01850671 364.03415121
 0.075 366.10732844 366.40230293 366.74650315 366.83402154 366.84154854 366.85621512
 0.080 368.79978948 369.07632563 369.39901048 369.48105824 369.48811474 369.50186455
 0.085 371.32393707 371.58318750 371.88570198 371.96262110 371.96923651 371.98212684
 0.090 373.69029215 373.93333745 374.21694246 374.28905355 374.29525545 374.30734003
 0.095 375.90871794 376.13657115 376.40244880 376.47005242 376.47586665 376.48719587
 0.100 377.98846110 378.20207194 378.45133043 378.51470836 378.52015917 378.53078023
 0.105 379.93819023 380.13844905 380.37212732 380.43154374 380.43665384 380.44661101
 0.110 381.76603204 381.95377354 382.17284559 382.22854814 382.23333883 382.24267362
 0.115 383.47960516 383.65561187 383.86099081 383.91321168 383.91770292 383.92645425
 0.120 385.08605196 385.25105751 385.44359939 385.49255622 385.49676675 385.50497107
 0.125 386.59206831 386.74676044 386.92726780 386.97316466 386.97711201 386.98480354
 0.130 388.00393145 388.14895494 388.31818014 388.36120834 388.36490898 388.37211977
 0.135 389.32752617 389.46348551 389.62213391 389.66247279 389.66594213 389.67270223
 0.140 390.56836939 390.69583125 390.84456412 390.88238181 390.88563432 390.89197192
 0.145 391.73163306 391.85112873 391.99056600 392.02602014 392.02906937 392.03501088
 0.150 392.82216581 392.93419336 393.06491622 393.09815458 393.10101324 393.10658342
 0.155 393.84451310 393.94953948 394.07209279 394.10325392 394.10593393 394.11115600
 0.160 394.80293620 394.90139916 395.01629374 395.04550752 395.04802004 395.05291577
 0.165 395.70142991 395.79373986 395.90145461 395.92884280 395.93119831 395.93578811
 0.170 396.54373926 396.63028096 396.73126484 396.75694160 396.75914993 396.76345291
 0.175 397.33337509 397.41450925 397.50918319 397.53325554 397.53532588 397.53935999
 0.180 398.07362870 398.14969350 398.23845209 398.26102038 398.26296136 398.26674341
 0.185 398.76758554 398.83889803 398.92211123 398.94326952 398.94508923 398.94863500
 0.190 399.41813811 399.48499552 399.56301018 399.58284665 399.58455269 399.58787694
 0.195 400.02799799 400.09067899 400.16382028 400.18241762 400.18401708 400.18713367
 0.200 400.59970713 400.65847299 400.72704577 400.74448149 400.74598105 400.74890298
 0.205 401.13564848 401.19074414 401.25503424 401.27138102 401.27278692 401.27552636
 0.210 401.63805592 401.68971103 401.74998640 401.76531237 401.76663048 401.76919885
 0.215 402.10902354 402.15745339 402.21396527 402.22833432 402.22957013 402.23197813
 0.220 402.55051437 402.59592083 402.64890477 402.66237679 402.66353544 402.66579312
 0.225 402.96436860 403.00694093 403.05661778 403.06924891 403.07033525 403.07245201
 0.230 403.35231123 403.39222687 403.43880369 403.45064659 403.45166513 403.45364980
 0.235 403.71595925 403.75338457 403.79705549 403.80815952 403.80911452 403.81097536
 0.240 404.05682837 404.09191938 404.13286642 404.14327786 404.14417329 404.14591807
 0.245 404.37633938 404.40924234 404.44763618 404.45739842 404.45823802 404.45987401
 0.250 404.67582405 404.70667609 404.74267676 404.75183050 404.75261777 404.75415178
 0.255 404.95653065 404.98546037 405.01921792 405.02780132 405.02853953 405.02997796
 0.260 405.21962920 405.24675719 405.27841233 405.28646115 405.28715339 405.28850223
 0.265 405.46621633 405.49165565 405.52134033 405.52888813 405.52953727 405.53080215
 0.270 405.69731984 405.72117653 405.74901447 405.75609270 405.75670146 405.75788766
 0.275 405.91390300 405.93627650 405.96238372 405.96902190 405.96959281 405.97070526
 0.280 406.11686854 406.13785211 406.16233744 406.16856322 406.16909867 406.17014201
 0.285 406.30706246 406.32674355 406.34970905 406.35554839 406.35605060 406.35702918
 0.290 406.48527750 406.50373815 406.52527954 406.53075678 406.53122785 406.53214574
 0.295 406.65225648 406.66957364 406.68978070 406.69491867 406.69536056 406.69622160
 0.300 406.80869540 406.82494124 406.84389820 406.84871831 406.84913287 406.84994064
 0.305 406.95524630 406.97048854 406.98827442 406.99279676 406.99318571 406.99394357
 0.310 407.09252002 407.10682219 407.12351113 407.12775455 407.12811951 407.12883063
 0.315 407.22108875 407.23451046 407.25017201 407.25415420 407.25449669 407.25516404
 0.320 407.34148836 407.35408556 407.36878500 407.37252256 407.37284401 407.37347036
 0.325 407.45422071 407.46604590 407.47984449 407.48335301 407.48365475 407.48424272
 0.330 407.55975565 407.57085813 407.58381340 407.58710748 407.58739079 407.58794282
 0.335 407.65853309 407.66895913 407.68112507 407.68421845 407.68448450 407.68500290
 0.340 407.75096474 407.76075779 407.77218511 407.77509069 407.77534058 407.77582751
 0.345 407.83743586 407.84663674 407.85737307 407.86010296 407.86033774 407.86079522
 0.350 407.91830687 407.92695393 407.93704403 407.93960960 407.93983025 407.94026020
 0.355 407.99391485 408.00204414 408.01153006 408.01394200 408.01414944 408.01455364
 0.360 408.06457495 408.07222035 408.08114162 408.08341000 408.08360509 408.08398523
 0.365 408.13058168 408.13777506 408.14616887 408.14830314 408.14848669 408.14884436
 0.370 408.19221017 408.19898150 408.20688285 408.20889189 408.20906468 408.20940136
 0.375 408.24971729 408.25609481 408.26353662 408.26542882 408.26559156 408.26590866
 0.380 408.30334274 408.30935303 408.31636632 408.31814956 408.31830292 408.31860176
 0.385 408.35331004 408.35897814 408.36559214 408.36727386 408.36741849 408.36770032
 0.390 408.39982745 408.40517699 408.41141928 408.41300648 408.41314298 408.41340897
 0.395 408.44308887 408.44814215 408.45403873 408.45553803 408.45566698 408.45591824
 0.400 408.48327460 408.48805269 408.49362815 408.49504580 408.49516773 408.49540530
 0.405 408.52055217 408.52507497 408.53035255 408.53169446 408.53180987 408.53203475
 0.410 408.55507693 408.55936330 408.56436499 408.56563675 408.56574613 408.56595925
 0.415 408.58699279 408.59106060 408.59580725 408.59701416 408.59711797 408.59732022
 0.420 408.61643279 408.62029899 408.62481038 408.62595748 408.62605614 408.62624837
 0.425 408.64351962 408.64720033 408.65149528 408.65258733 408.65268126 408.65286427
 0.430 408.66836620 408.67187675 408.67597315 408.67701473 408.67710431 408.67727886
 0.435 408.69107608 408.69443111 408.69834604 408.69934147 408.69942708 408.69959390
 0.440 408.71174392 408.71495742 408.71870719 408.71966063 408.71974263 408.71990241
 0.445 408.73045588 408.73354123 408.73714147 408.73805689 408.73813562 408.73828903
 0.450 408.74728993 408.75026000 408.75372573 408.75460694 408.75468273 408.75483041
 0.455 408.76231625 408.76518342 408.76852907 408.76937976 408.76945292 408.76959548
 0.460 408.77559747 408.77837369 408.78161321 408.78243691 408.78250775 408.78264579
 0.465 408.78718895 408.78988579 408.79303268 408.79383283 408.79390165 408.79403574
 0.470 408.79713900 408.79976770 408.80283508 408.80361501 408.80368209 408.80381279
 0.475 408.80548910 408.80806061 408.81106127 408.81182423 408.81188985 408.81201771
 0.480 408.81227404 408.81479909 408.81774553 408.81849471 408.81855914 408.81868469
 0.485 408.81752211 408.82001123 408.82291573 408.82365424 408.82371776 408.82384152
 0.490 408.82125519 408.82371874 408.82659341 408.82732434 408.82738720 408.82750969
 0.495 408.82348883 408.82593708 408.82879390 408.82952029 408.82958277 408.82970450
 0.500 408.82423234 408.82667550 408.82952638 408.83025126 408.83031361 408.83043508
 0.505 408.82348883 408.82593708 408.82879390 408.82952029 408.82958277 408.82970450
 0.510 408.82125519 408.82371874 408.82659341 408.82732434 408.82738720 408.82750969
 0.515 408.81752211 408.82001123 408.82291573 408.82365424 408.82371776 408.82384152
 0.520 408.81227404 408.81479909 408.81774553 408.81849471 408.81855914 408.81868469
 0.525 408.80548910 408.80806061 408.81106127 408.81182423 408.81188985 408.81201771
 0.530 408.79713900 408.79976770 408.80283508 408.80361501 408.80368209 408.80381279
 0.535 408.78718895 408.78988579 408.79303268 408.79383283 408.79390165 408.79403574
 0.540 408.77559747 408.77837369 408.78161321 408.78243691 408.78250775 408.78264579
 0.545 408.76231625 408.76518342 408.76852907 408.76937976 408.76945292 408.76959548
 0.550 408.74728993 408.75026000 408.75372573 408.75460694 408.75468273 408.75483041
 0.555 408.73045588 408.73354123 408.73714147 408.73805689 408.73813562 408.73828903
 0.560 408.71174392 408.71495742 408.71870719 408.71966063 408.71974263 408.71990241
 0.565 408.69107608 408.69443111 408.69834604 408.69934147 408.69942708 408.69959390
 0.570 408.66836620 408.67187675 408.67597315 408.67701473 408.67710431 408.67727886
 0.575 408.64351962 408.64720033 408.65149528 408.65258733 408.65268126 408.65286427
 0.580 408.61643279 408.62029899 408.62481038 408.62595748 408.62605614 408.62624837
 0.585 408.58699279 408.59106060 408.59580725 408.59701416 408.59711797 408.59732022
 0.590 408.55507693 408.55936330 408.56436499 408.56563675 408.56574613 408.56595925
 0.595 408.52055217 408.52507497 408.53035255 408.53169446 408.53180987 408.53203475
 0.600 408.48327460 408.48805269 408.49362815 408.49504580 408.49516773 408.49540530
 0.605 408.44308887 408.44814215 408.45403873 408.45553803 408.45566698 408.45591824
 0.610 408.39982745 408.40517699 408.41141928 408.41300648 408.41314298 408.41340897
 0.615 408.35331004 408.35897814 408.36559214 408.36727386 408.36741849 408.36770032
 0.620 408.30334274 408.30935303 408.31636632 408.31814956 408.31830292 408.31860176
 0.625 408.24971729 408.25609481 408.26353662 408.26542882 408.26559156 408.26590866
 0.630 408.19221017 408.19898150 408.20688285 408.20889189 408.20906468 408.20940136
 0.635 408.13058168 408.13777506 408.14616887 408.14830314 408.14848669 408.14884436
 0.640 408.06457495 408.07222035 408.08114162 408.08341000 408.08360509 408.08398523
 0.645 407.99391485 408.00204414 408.01153006 408.01394200 408.01414944 408.01455364
 0.650 407.91830687 407.92695393 407.93704403 407.93960960 407.93983025 407.94026020
 0.655 407.83743586 407.84663674 407.85737307 407.86010296 407.86033774 407.86079522
 0.660 407.75096474 407.76075779 407.77218511 407.77509069 407.77534058 407.77582751
 0.665 407.65853309 407.66895913 407.68112507 407.68421845 407.68448450 407.68500290
 0.670 407.55975565 407.57085813 407.58381340 407.58710748 407.58739079 407.58794282
 0.675 407.45422071 407.46604590 407.47984449 407.48335301 407.48365475 407.48424272
 0.680 407.34148836 407.35408556 407.36878500 407.37252256 407.37284401 407.37347036
 0.685 407.22108875 407.23451046 407.25017201 407.25415420 407.25449669 407.25516404
 0.690 407.09252002 407.10682219 407.12351113 407.12775455 407.12811951 407.12883063
 0.695 406.95524630 406.97048854 406.98827442 406.99279676 406.99318571 406.99394357
 0.700 406.80869540 406.82494124 406.84389820 406.84871831 406.84913287 406.84994064
 0.705 406.65225648 406.66957364 406.68978070 406.69491867 406.69536056 406.69622160
 0.710 406.48527750 406.50373815 406.52527954 406.53075678 406.53122785 406.53214574
 0.715 406.30706246 406.32674355 406.34970905 406.35554839 406.35605060 406.35702918
 0.720 406.11686854 406.13785211 406.16233744 406.16856322 406.16909867 406.17014201
 0.725 405.91390300 405.93627650 405.96238372 405.96902190 405.96959281 405.97070526
 0.730 405.69731984 405.72117653 405.74901447 405.75609270 405.75670146 405.75788766
 0.735 405.46621633 405.49165565 405.52134033 405.52888813 405.52953727 405.53080215
 0.740 405.21962920 405.24675719 405.27841233 405.28646115 405.28715339 405.28850223
 0.745 404.95653065 404.98546037 405.01921792 405.02780132 405.02853953 405.02997796
 0.750 404.67582405 404.70667609 404.74267676 404.75183050 404.75261777 404.75415178
 0.755 404.37633938 404.40924234 404.44763618 404.45739842 404.45823802 404.45987401
 0.760 404.05682837 404.09191938 404.13286642 404.14327786 404.14417329 404.14591807
 0.765 403.71595925 403.75338457 403.79705549 403.80815952 403.80911452 403.81097536
 0.770 403.35231123 403.39222687 403.43880369 403.45064659 403.45166513 403.45364980
 0.775 402.96436860 403.00694093 403.05661778 403.06924891 403.07033525 403.07245201
 0.780 402.55051437 402.59592083 402.64890477 402.66237679 402.66353544 402.66579312
 0.785 402.10902354 402.15745339 402.21396527 402.22833432 402.22957013 402.23197813
 0.790 401.63805592 401.68971103 401.74998640 401.76531237 401.76663048 401.76919885
 0.795 401.13564848 401.19074414 401.25503424 401.27138102 401.27278692 401.27552636
 0.800 400.59970713 400.65847299 400.72704577 400.74448149 400.74598105 400.74890298
 0.805 400.02799799 400.09067899 400.16382028 400.18241762 400.18401708 400.18713367
 0.810 399.41813811 399.48499552 399.56301018 399.58284665 399.58455269 399.58787694
 0.815 398.76758554 398.83889803 398.92211123 398.94326952 398.94508923 398.94863500
 0.820 398.07362870 398.14969350 398.23845209 398.26102038 398.26296136 398.26674341
 0.825 397.33337509 397.41450925 397.50918319 397.53325554 397.53532588 397.53935999
 0.830 396.54373926 396.63028096 396.73126484 396.75694160 396.75914993 396.76345291
 0.835 395.70142991 395.79373986 395.90145461 395.92884280 395.93119831 395.93578811
 0.840 394.80293620 394.90139916 395.01629374 395.04550752 395.04802004 395.05291577
 0.845 393.84451310 393.94953948 394.07209279 394.10325392 394.10593393 394.11115600
 0.850 392.82216581 392.93419336 393.06491622 393.09815458 393.10101324 393.10658342
 0.855 391.73163306 391.85112873 391.99056600 392.02602014 392.02906937 392.03501088
 0.860 390.56836939 390.69583125 390.84456412 390.88238181 390.88563432 390.89197192
 0.865 389.32752617 389.46348551 389.62213391 389.66247279 389.66594213 389.67270223
 0.870 388.00393145 388.14895494 388.31818014 388.36120834 388.36490898 388.37211977
 0.875 386.59206831 386.74676044 386.92726780 386.97316466 386.97711201 386.98480354
 0.880 385.08605196 385.25105751 385.44359939 385.49255622 385.49676675 385.50497107
 0.885 383.47960516 383.65561187 383.86099081 383.91321168 383.91770292 383.92645425
 0.890 381.76603204 381.95377354 382.17284559 382.22854814 382.23333883 382.24267362
 0.895 379.93819023 380.13844905 380.37212732 380.43154374 380.43665384 380.44661101
 0.900 377.98846110 378.20207194 378.45133043 378.51470836 378.52015917 378.53078023
 0.905 375.90871794 376.13657115 376.40244880 376.47005242 376.47586665 376.48719587
 0.910 373.69029215 373.93333745 374.21694246 374.28905355 374.29525545 374.30734003
 0.915 371.32393707 371.58318750 371.88570198 371.96262110 371.96923651 371.98212684
 0.920 368.79978948 369.07632563 369.39901048 369.48105824 369.48811474 369.50186455
 0.925 366.10732844 366.40230293 366.74650315 366.83402154 366.84154854 366.85621512
 0.930 363.23533145 363.54997379 363.91712404 364.01047783 364.01850671 364.03415121
 0.935 360.17182772 360.50744936 360.89907997 360.99865828 361.00722249 361.02391012
 0.940 356.90404822 357.26204807 357.67979139 357.78600928 357.79514452 357.81294483
 0.945 353.41837246 353.80024270 354.24583994 354.35914013 354.36888449 354.38787167
 0.950 349.70027175 350.10760407 350.58291253 350.70376727 350.71416135 350.73441454
 0.955 345.73424863 346.16874083 346.67574164 346.80465467 346.81574181 346.83734543
 0.960 341.50377226 341.96723535 342.50804176 342.64555040 342.65737680 342.68042090
 0.965 336.99120954 337.48557529 338.06244144 338.20911884 338.22173379 338.24631442
 0.970 332.17775158 332.70508057 333.32041090 333.47686843 333.49032452 333.51654413
 0.975 327.04333536 327.60582555 328.26218483 328.42907462 328.44342794 328.47139582
 0.980 321.56656005 322.16655596 322.86667996 323.04469763 323.06000800 323.08984072
 0.985 315.72459781 316.36460029 317.11140722 317.30129477 317.31762601 317.34944791
 0.990 309.49309868 310.17577535 310.97237798 311.17492687 311.19234705 311.22629078
 0.995 302.84608908 303.57428540 304.42400406 304.64005855 304.65864027 304.69484731
 1.000 295.75586351 296.53261469 297.43899110 297.66945173 297.68927244 297.72789371
