     x          500         1500         2500         3500         4500         5500
 0.000 295.25282844 296.04344021 297.19661614 297.48326068 297.61176997 297.68591584
 0.005 302.37449882 303.11568931 304.19678000 304.46550634 304.58598249 304.65549349
 0.010 309.05098759 309.74584616 310.75935773 311.01128595 311.12423111 311.18939697
 0.015 315.31012312 315.96154602 316.91170289 317.14788305 317.25376800 317.31486034
 0.020 321.17799418 321.78869661 322.67945915 322.90087569 323.00014177 323.05741522
 0.025 326.67905874 327.25158618 328.08666718 328.29424298 328.38730394 328.44099723
 0.030 331.83624585 332.37298467 333.15586484 333.35046510 333.43770883 333.48804576
 0.035 336.67105126 337.17423864 337.90818112 338.09061696 338.17240710 338.21959747
 0.040 341.20362699 341.67536026 342.36342422 342.53445604 342.61113350 342.65537402
 0.045 345.45286532 345.89511073 346.54016408 346.70050477 346.77238916 346.81386422
 0.050 349.43647756 349.85107845 350.45580985 350.60612772 350.67351865 350.71240113
 0.055 353.17106787 353.55975233 354.12668237 354.26760397 354.33078234 354.36723430
 0.060 356.67220244 357.03659055 357.56808226 357.70019497 357.75942411 357.79359748
 0.065 359.95447439 360.29608497 360.79435366 360.91820814 360.97373493 361.00577216
 0.070 363.03156461 363.35182153 363.81894405 363.93505653 363.98711241 364.01714703
 0.075 365.91629877 366.21653688 366.65446025 366.76331471 366.81211665 366.84027385
 0.080 368.62070075 368.90217150 369.31272103 369.41477118 369.46052259 369.48691974
 0.085 371.15604282 371.41991940 371.80480630 371.90047751 371.94336909 371.96811620
 0.090 373.53289256 373.78027484 374.14110338 374.23079441 374.27100494 374.29420517
 0.095 375.76115697 375.99307606 376.33135021 376.41543489 376.45313198 376.47488202
 0.100 377.85012369 378.06754627 378.38467598 378.46350481 378.49884556 378.51923609
 0.105 379.80849978 380.01233208 380.30963920 380.38354073 380.41667247 380.43578845
 0.110 381.64444798 381.83553960 382.11426333 382.18354559 382.21460640 382.23252753
 0.115 383.36562071 383.54476815 383.80607024 383.87102201 383.90014137 383.91694234
 0.120 384.97919204 385.14714199 385.39211158 385.45300359 385.48030287 385.49605370
 0.125 386.49188749 386.64934000 386.87899816 386.93608421 386.96167718 386.97644354
 0.130 387.91001217 388.05762351 388.27292747 388.32644551 388.35043886 388.36428228
 0.135 389.23947698 389.37786242 389.57970959 389.62988267 389.65237641 389.66535460
 0.140 390.48582327 390.61555961 390.80479132 390.85182858 390.87291646 390.88508351
 0.145 391.65424597 391.77587396 391.95327895 391.99737645 392.01714636 392.02855299
 0.150 392.74961518 392.86364179 393.02995950 393.07130103 393.08983539 393.10052913
 0.155 393.77649653 393.88339703 394.03932069 394.07807859 394.09545463 394.10548007
 0.160 394.73917019 394.83939015 394.98556967 395.02190547 395.03819563 395.04759455
 0.165 395.64164868 395.73560583 395.87265051 395.90671565 395.92198784 395.93079941
 0.170 396.48769363 396.57577960 396.70426065 396.73619714 396.75051499 396.75877595
 0.175 397.28083146 397.36341340 397.48386634 397.51380729 397.52723049 397.53497527
 0.180 398.02436806 398.10179018 398.21471707 398.24278727 398.25537178 398.26263265
 0.185 398.72140257 398.79398758 398.89985911 398.92617557 398.93797383 398.94478106
 0.190 399.37484031 399.44289074 399.54214821 399.56682061 399.57788180 399.58426377
 0.195 399.98740488 400.05120438 400.14426150 400.16739268 400.17776291 400.18374621
 0.200 400.56164952 400.62146402 400.70870866 400.73039503 400.74011752 400.74572710
 0.205 401.09996775 401.15604656 401.23784236 401.25817432 401.26728960 401.27254883
 0.210 401.60460335 401.65718020 401.73386810 401.75293039 401.76147645 401.76640726
 0.215 402.07765968 402.12695373 402.19885338 402.21672545 402.22473790 402.22936084
 0.220 402.52110850 402.56732521 402.63473629 402.65149264 402.65900489 402.66333923
 0.225 402.93679816 402.98013016 403.04333365 403.05904412 403.06608748 403.07015128
 0.230 403.32646130 403.36708921 403.42634854 403.44107861 403.44768244 403.45149264
 0.235 403.69172207 403.72981523 403.78537741 403.79918848 403.80538030 403.80895279
 0.240 404.03410293 404.06982012 404.12191674 404.13486637 404.14067199 404.14402165
 0.245 404.35503096 404.38852105 404.43736925 404.44951143 404.45495504 404.45809584
 0.250 404.65584383 404.68724640 404.73304979 404.74443512 404.74953942 404.75248445
 0.255 404.93779535 404.96724130 405.01019078 405.02086672 405.02565299 405.02841452
 0.260 405.20206073 405.22967280 405.26994740 405.27995844 405.28444662 405.28703616
 0.265 405.44974146 405.47563473 405.51340232 405.52279020 405.52699899 405.52942734
 0.270 405.68186991 405.70615231 405.74157030 405.75037414 405.75432110 405.75659837
 0.275 405.89941360 405.92218634 405.95540236 405.96365886 405.96736044 405.96949613
 0.280 406.10327929 406.12463729 406.15578979 406.16353336 406.16700498 406.16900799
 0.285 406.29431670 406.31434899 406.34356782 406.35083074 406.35408687 406.35596556
 0.290 406.47332212 406.49211219 406.51951914 406.52633167 406.52938589 406.53114807
 0.295 406.64104165 406.65866782 406.68437711 406.69076766 406.69363269 406.69528573
 0.300 406.79817436 406.81471010 406.83882890 406.84482411 406.84751189 406.84906266
 0.305 406.94537521 406.96088943 406.98351828 406.98914312 406.99166487 406.99311984
 0.310 407.08325774 407.09781512 407.11904832 407.12432625 407.12669247 407.12805770
 0.315 407.21239666 407.22605787 407.24598394 407.25093695 407.25315750 407.25443869
 0.320 407.33333024 407.34615223 407.36485421 407.36950295 407.37158709 407.37278958
 0.325 407.44656254 407.45859875 407.47615460 407.48051845 407.48247486 407.48360365
 0.330 407.55256554 407.56386613 407.58034902 407.58444616 407.58628301 407.58734281
 0.335 407.65178105 407.66239313 407.67787176 407.68171928 407.68344421 407.68443944
 0.340 407.74462262 407.75459042 407.76912932 407.77274325 407.77436346 407.77529826
 0.345 407.83147724 407.84084230 407.85450206 407.85789746 407.85941970 407.86029798
 0.350 407.91270691 407.92150827 407.93434583 407.93753686 407.93896747 407.93979288
 0.355 407.98865021 407.99692456 408.00899342 408.01199337 408.01333832 408.01411431
 0.360 408.05962368 408.06740550 408.07875598 408.08157736 408.08284225 408.08357205
 0.365 408.12592315 408.13324488 408.14392427 408.14657885 408.14776895 408.14845561
 0.370 408.18782495 408.19471712 408.20476994 408.20726877 408.20838905 408.20903542
 0.375 408.24558712 408.25207844 408.26154660 408.26390009 408.26495522 408.26556400
 0.380 408.29945039 408.30556793 408.31449089 408.31670886 408.31770323 408.31827695
 0.385 408.34963929 408.35540854 408.36382349 408.36591519 408.36685294 408.36739400
 0.390 408.39636301 408.40180801 408.40975002 408.41172417 408.41260922 408.41311987
 0.395 408.43981629 408.44495974 408.45246192 408.45432674 408.45516277 408.45564514
 0.400 408.48018025 408.48504360 408.49213721 408.49390047 408.49469098 408.49514708
 0.405 408.51762313 408.52222665 408.52894127 408.53061032 408.53135859 408.53179032
 0.410 408.55230101 408.55666387 408.56302749 408.56460929 408.56531844 408.56572761
 0.415 408.58435842 408.58849882 408.59453795 408.59603909 408.59671209 408.59710039
 0.420 408.61392898 408.61786417 408.62360399 408.62503073 408.62567037 408.62603943
 0.425 408.64113594 408.64488233 408.65034676 408.65170505 408.65231400 408.65266535
 0.430 408.66609271 408.66966591 408.67487773 408.67617323 408.67675403 408.67708914
 0.435 408.68890331 408.69231821 408.69729915 408.69853725 408.69909233 408.69941258
 0.440 408.70966282 408.71293366 408.71770446 408.71889034 408.71942199 408.71972874
 0.445 408.72845776 408.73159817 408.73617873 408.73731732 408.73782777 408.73812229
 0.450 408.74536647 408.74838954 408.75279895 408.75389500 408.75438638 408.75466990
 0.455 408.76045943 408.76337777 408.76763441 408.76869248 408.76916684 408.76944053
 0.460 408.77379956 408.77662531 408.78074693 408.78177144 408.78223075 408.78249576
 0.465 408.78544244 408.78818740 408.79219117 408.79318638 408.79363256 408.79388999
 0.470 408.79543662 408.79811223 408.80201483 408.80298490 408.80341980 408.80367073
 0.475 408.80382375 408.80644115 408.81025886 408.81120783 408.81163327 408.81187874
 0.480 408.81063878 408.81320889 408.81695762 408.81788944 408.81830720 408.81854823
 0.485 408.81591013 408.81844366 408.82213903 408.82305759 408.82346940 408.82370700
 0.490 408.81965976 408.82216727 408.82582469 408.82673381 408.82714139 408.82737656
 0.495 408.82190331 408.82439525 408.82802996 408.82893344 408.82933849 408.82957219
 0.500 408.82265012 408.82513688 408.82876403 408.82966563 408.83006983 408.83030305
 0.505 408.82190331 408.82439525 408.82802996 408.82893344 408.82933849 408.82957219
 0.510 408.81965976 408.82216727 408.82582469 408.82673381 408.82714139 408.82737656
 0.515 408.81591013 408.81844366 408.82213903 408.82305759 408.82346940 408.82370700
 0.520 408.81063878 408.81320889 408.81695762 408.81788944 408.81830720 408.81854823
 0.525 408.80382375 408.80644115 408.81025886 408.81120783 408.81163327 408.81187874
 0.530 408.79543662 408.79811223 408.80201483 408.80298490 408.80341980 408.80367073
 0.535 408.78544244 408.78818740 408.79219117 408.79318638 408.79363256 408.79388999
 0.540 408.77379956 408.77662531 408.78074693 408.78177144 408.78223075 408.78249576
 0.545 408.76045943 408.76337777 408.76763441 408.76869248 408.76916684 408.76944053
 0.550 408.74536647 408.74838954 408.75279895 408.75389500 408.75438638 408.75466990
 0.555 408.72845776 408.73159817 408.73617873 408.73731732 408.73782777 408.73812229
 0.560 408.70966282 408.71293366 408.71770446 408.71889034 408.71942199 408.71972874
 0.565 408.68890331 408.69231821 408.69729915 408.69853725 408.69909233 408.69941258
 0.570 408.66609271 408.66966591 408.67487773 408.67617323 408.67675403 408.67708914
 0.575 408.64113594 408.64488233 408.65034676 408.65170505 408.65231400 408.65266535
 0.580 408.61392898 408.61786417 408.62360399 408.62503073 408.62567037 408.62603943
 0.585 408.58435842 408.58849882 408.59453795 408.59603909 408.59671209 408.59710039
 0.590 408.55230101 408.55666387 408.56302749 408.56460929 408.56531844 408.56572761
 0.595 408.51762313 408.52222665 408.52894127 408.53061032 408.53135859 408.53179032
 0.600 408.48018025 408.48504360 408.49213721 408.49390047 408.49469098 408.49514708
 0.605 408.43981629 408.44495974 408.45246192 408.45432674 408.45516277 408.45564514
 0.610 408.39636301 408.40180801 408.40975002 408.41172417 408.41260922 408.41311987
 0.615 408.34963929 408.35540854 408.36382349 408.36591519 408.36685294 408.36739400
 0.620 408.29945039 408.30556793 408.31449089 408.31670886 408.31770323 408.31827695
 0.625 408.24558712 408.25207844 408.26154660 408.26390009 408.26495522 408.26556400
 0.630 408.18782495 408.19471712 408.20476994 408.20726877 408.20838905 408.20903542
 0.635 408.12592315 408.13324488 408.14392427 408.14657885 408.14776895 408.14845561
 0.640 408.05962368 408.06740550 408.07875598 408.08157736 408.08284225 408.08357205
 0.645 407.98865021 407.99692456 408.00899342 408.01199337 408.01333832 408.01411431
 0.650 407.91270691 407.92150827 407.93434583 407.93753686 407.93896747 407.93979288
 0.655 407.83147724 407.84084230 407.85450206 407.85789746 407.85941970 407.86029798
 0.660 407.74462262 407.75459042 407.76912932 407.77274325 407.77436346 407.77529826
 0.665 407.65178105 407.66239313 407.67787176 407.68171928 407.68344421 407.68443944
 0.670 407.55256554 407.56386613 407.58034902 407.58444616 407.58628301 407.58734281
 0.675 407.44656254 407.45859875 407.47615460 407.48051845 407.48247486 407.48360365
 0.680 407.33333024 407.34615223 407.36485421 407.36950295 407.37158709 407.37278958
 0.685 407.21239666 407.22605787 407.24598394 407.25093695 407.25315750 407.25443869
 0.690 407.08325774 407.09781512 407.11904832 407.12432625 407.12669247 407.12805770
 0.695 406.94537521 406.96088943 406.98351828 406.98914312 406.99166487 406.99311984
 0.700 406.79817436 406.81471010 406.83882890 406.84482411 406.84751189 406.84906266
 0.705 406.64104165 406.65866782 406.68437711 406.69076766 406.69363269 406.69528573
 0.710 406.47332212 406.49211219 406.51951914 406.52633167 406.52938589 406.53114807
 0.715 406.29431670 406.31434899 406.34356782 406.35083074 406.35408687 406.35596556
 0.720 406.10327929 406.12463729 406.15578979 406.16353336 406.16700498 406.16900799
 0.725 405.89941360 405.92218634 405.95540236 405.96365886 405.96736044 405.96949613
 0.730 405.68186991 405.70615231 405.74157030 405.75037414 405.75432110 405.75659837
 0.735 405.44974146 405.47563473 405.51340232 405.52279020 405.52699899 405.52942734
 0.740 405.20206073 405.22967280 405.26994740 405.27995844 405.28444662 405.28703616
 0.745 404.93779535 404.96724130 405.01019078 405.02086672 405.02565299 405.02841452
 0.750 404.65584383 404.68724640 404.73304979 404.74443512 404.74953942 404.75248445
 0.755 404.35503096 404.38852105 404.43736925 404.44951143 404.45495504 404.45809584
 0.760 404.03410293 404.06982012 404.12191674 404.13486637 404.14067199 404.14402165
 0.765 403.69172207 403.72981523 403.78537741 403.79918848 403.80538030 403.80895279
 0.770 403.32646130 403.36708921 403.42634854 403.44107861 403.44768244 403.45149264
 0.775 402.93679816 402.98013016 403.04333365 403.05904412 403.06608748 403.07015128
 0.780 402.52110850 402.56732521 402.63473629 402.65149264 402.65900489 402.66333923
 0.785 402.07765968 402.12695373 402.19885338 402.21672545 402.22473790 402.22936084
 0.790 401.60460335 401.65718020 401.73386810 401.75293039 401.76147645 401.76640726
 0.795 401.09996775 401.15604656 401.23784236 401.25817432 401.26728960 401.27254883
 0.800 400.56164952 400.62146402 400.70870866 400.73039503 400.74011752 400.74572710
 0.805 399.98740488 400.05120438 400.14426150 400.16739268 400.17776291 400.18374621
 0.810 399.37484031 399.44289074 399.54214821 399.56682061 399.57788180 399.58426377
 0.815 398.72140257 398.79398758 398.89985911 398.92617557 398.93797383 398.94478106
 0.820 398.02436806 398.10179018 398.21471707 398.24278727 398.25537178 398.26263265
 0.825 397.28083146 397.36341340 397.48386634 397.51380729 397.52723049 397.53497527
 0.830 396.48769363 396.57577960 396.70426065 396.73619714 396.75051499 396.75877595
 0.835 395.64164868 395.73560583 395.87265051 395.90671565 395.92198784 395.93079941
 0.840 394.73917019 394.83939015 394.98556967 395.02190547 395.03819563 395.04759455
 0.845 393.77649653 393.88339703 394.03932069 394.07807859 394.09545463 394.10548007
 0.850 392.74961518 392.86364179 393.02995950 393.07130103 393.08983539 393.10052913
 0.855 391.65424597 391.77587396 391.95327895 391.99737645 392.01714636 392.02855299
 0.860 390.48582327 390.61555961 390.80479132 390.85182858 390.87291646 390.88508351
 0.865 389.23947698 389.37786242 389.57970959 389.62988267 389.65237641 389.66535460
 0.870 387.91001217 388.05762351 388.27292747 388.32644551 388.35043886 388.36428228
 0.875 386.49188749 386.64934000 386.87899816 386.93608421 386.96167718 386.97644354
 0.880 384.97919204 385.14714199 385.39211158 385.45300359 385.48030287 385.49605370
 0.885 383.36562071 383.54476815 383.80607024 383.87102201 383.90014137 383.91694234
 0.890 381.64444798 381.83553960 382.11426333 382.18354559 382.21460640 382.23252753
 0.895 379.80849978 380.01233208 380.30963920 380.38354073 380.41667247 380.43578845
 0.900 377.85012369 378.06754627 378.38467598 378.46350481 378.49884556 378.51923609
 0.905 375.76115697 375.99307606 376.33135021 376.41543489 376.45313198 376.47488202
 0.910 373.53289256 373.78027484 374.14110338 374.23079441 374.27100494 374.29420517
 0.915 371.15604282 371.41991940 371.80480630 371.90047751 371.94336909 371.96811620
 0.920 368.62070075 368.90217150 369.31272103 369.41477118 369.46052259 369.48691974
 0.925 365.91629877 366.21653688 366.65446025 366.76331471 366.81211665 366.84027385
 0.930 363.03156461 363.35182153 363.81894405 363.93505653 363.98711241 364.01714703
 0.935 359.95447439 360.29608497 360.79435366 360.91820814 360.97373493 361.00577216
 0.940 356.67220244 357.03659055 357.56808226 357.70019497 357.75942411 357.79359748
 0.945 353.17106787 353.55975233 354.12668237 354.26760397 354.33078234 354.36723430
 0.950 349.43647756 349.85107845 350.45580985 350.60612772 350.67351865 350.71240113
 0.955 345.45286532 345.89511073 346.54016408 346.70050477 346.77238916 346.81386422
 0.960 341.20362699 341.67536026 342.36342422 342.53445604 342.61113350 342.65537402
 0.965 336.67105126 337.17423864 337.90818112 338.09061696 338.17240710 338.21959747
 0.970 331.83624585 332.37298467 333.15586484 333.35046510 333.43770883 333.48804576
 0.975 326.67905874 327.25158618 328.08666718 328.29424298 328.38730394 328.44099723
 0.980 321.17799418 321.78869661 322.67945915 322.90087569 323.00014177 323.05741522
 0.985 315.31012312 315.96154602 316.91170289 317.14788305 317.25376800 317.31486034
 0.990 309.05098759 309.74584616 310.75935773 311.01128595 311.12423111 311.18939697
 0.995 302.37449882 303.11568931 304.19678000 304.46550634 304.58598249 304.65549349
 1.000 295.25282844 296.04344021 297.19661614 297.48326068 297.61176997 297.68591584
