     x         0.01        0.015         0.02        0.025         0.03            1
 0.000 297.21834383 297.11856106 297.02606240 296.93592524 296.84684060 295.42939728
 0.005 298.53788388 298.32690967 298.18929416 298.08502061 297.99846558 295.85892707
 0.010 299.82566381 299.50936084 299.32918471 299.21198826 299.12851258 296.28357102
 0.015 301.08242180 300.66643593 300.44616403 300.31721245 300.23734129 296.70334681
 0.020 302.30887826 301.79864511 301.54065343 301.40107003 301.32530461 297.11827194
 0.025 303.50573621 302.90648759 302.61306576 302.46393057 302.39274881 297.52836370
 0.030 304.67368173 303.99045181 303.66380553 303.50615646 303.44001365 297.93363917
 0.035 305.81338431 305.05101573 304.69326908 304.52810308 304.46743244 298.33411525
 0.040 306.92549725 306.08864694 305.70184473 305.53011886 305.47533219 298.72980861
 0.045 308.01065803 307.10380297 306.68991290 306.51254548 306.46403369 299.12073574
 0.050 309.06948870 308.09693139 307.65784630 307.47571790 307.43385162 299.50691294
 0.055 310.10259620 309.06847010 308.60601004 308.41996454 308.38509464 299.88835629
 0.060 311.11057274 310.01884745 309.53476175 309.34560735 309.31806553 300.26508169
 0.065 312.09399610 310.94848249 310.44445177 310.25296195 310.23306123 300.63710483
 0.070 313.05343001 311.85778509 311.33542322 311.14233772 311.13037294 301.00444122
 0.075 313.98942444 312.74715619 312.20801219 312.01403791 312.01028628 301.36710616
 0.080 314.90251591 313.61698791 313.06254782 312.86835974 312.87308130 301.72511477
 0.085 315.79322784 314.46766377 313.89935243 313.70559451 313.71903260 302.07848195
 0.090 316.66207080 315.29955885 314.71874167 314.52602768 314.54840944 302.42722243
 0.095 317.50954283 316.11303994 315.52102460 315.32993901 315.36147578 302.77135075
 0.100 318.33612972 316.90846571 316.30650386 316.11760259 316.15849040 303.11088124
 0.105 319.14230528 317.68618688 317.07547573 316.88928700 316.93970698 303.44582806
 0.110 319.92853165 318.44654636 317.82823025 317.64525536 317.70537416 303.77620514
 0.115 320.69525949 319.18987939 318.56505138 318.38576543 318.45573564 304.10202627
 0.120 321.44292832 319.91651372 319.28621703 319.11106969 319.19103024 304.42330502
 0.125 322.17196671 320.62676973 319.99199924 319.82141546 319.91149198 304.74005477
 0.130 322.88279256 321.32096059 320.68266422 320.51704494 320.61735017 305.05228873
 0.135 323.57581335 321.99939236 321.35847249 321.19819532 321.30882948 305.36001989
 0.140 324.25142632 322.66236418 322.01967897 321.86509885 321.98614998 305.66326109
 0.145 324.91001874 323.31016837 322.66653306 322.51798292 322.64952725 305.96202496
 0.150 325.55196815 323.94309054 323.29927876 323.15707015 323.29917243 306.25632395
 0.155 326.17764251 324.56140976 323.91815473 323.78257844 323.93529228 306.54617032
 0.160 326.78740048 325.16539865 324.52339443 324.39472107 324.55808927 306.83157615
 0.165 327.38159159 325.75532352 325.11522614 324.99370677 325.16776162 307.11255332
 0.170 327.96055644 326.33144447 325.69387310 325.57973976 325.76450338 307.38911355
 0.175 328.52462691 326.89401553 326.25955359 326.15301987 326.34850446 307.66126837
 0.180 329.07412632 327.44328474 326.81248096 326.71374257 326.91995076 307.92902910
 0.185 329.60936968 327.97949427 327.35286380 327.26209905 327.47902415 308.19240691
 0.190 330.13066379 328.50288056 327.88090592 327.79827628 328.02590256 308.45141277
 0.195 330.63830747 329.01367435 328.39680651 328.32245707 328.56076006 308.70605747
 0.200 331.13259171 329.51210088 328.90076017 328.83482017 329.08376688 308.95635162
 0.205 331.61379985 329.99837990 329.39295699 329.33554026 329.59508948 309.20230566
 0.210 332.08220772 330.47272583 329.87358262 329.82478808 330.09489061 309.44392983
 0.215 332.53808383 330.93534779 330.34281835 330.30273044 330.58332933 309.68123420
 0.220 332.98168950 331.38644978 330.80084118 330.76953031 331.06056111 309.91422865
 0.225 333.41327901 331.82623068 331.24782388 331.22534686 331.52673784 310.14292289
 0.230 333.83309976 332.25488441 331.68393505 331.67033550 331.98200790 310.36732646
 0.235 334.24139240 332.67259995 332.10933919 332.10464796 332.42651618 310.58744870
 0.240 334.63839097 333.07956150 332.52419676 332.52843232 332.86040416 310.80329878
 0.245 335.02432304 333.47594847 332.92866425 332.94183309 333.28380995 311.01488571
 0.250 335.39940984 333.86193564 333.32289422 333.34499121 333.69686829 311.22221828
 0.255 335.76386636 334.23769320 333.70703538 333.73804416 334.09971066 311.42530515
 0.260 336.11790154 334.60338683 334.08123261 334.12112595 334.49246528 311.62415478
 0.265 336.46171830 334.95917776 334.44562708 334.49436721 334.87525714 311.81877545
 0.270 336.79551374 335.30522287 334.80035623 334.85789519 335.24820808 312.00917526
 0.275 337.11947919 335.64167473 335.14555386 335.21183384 335.61143681 312.19536217
 0.280 337.43380035 335.96868168 335.48135019 335.55630386 335.96505893 312.37734391
 0.285 337.73865740 336.28638792 335.80787186 335.89142268 336.30918699 312.55512807
 0.290 338.03422510 336.59493351 336.12524206 336.21730458 336.64393052 312.72872207
 0.295 338.32067286 336.89445450 336.43358049 336.53406068 336.96939606 312.89813313
 0.300 338.59816489 337.18508296 336.73300345 336.84179897 337.28568720 313.06336832
 0.305 338.86686025 337.46694702 337.02362389 337.14062439 337.59290461 313.22443451
 0.310 339.12691297 337.74017097 337.30555143 337.43063882 337.89114606 313.38133842
 0.315 339.37847210 338.00487526 337.57889241 337.71194115 338.18050649 313.53408659
 0.320 339.62168186 338.26117662 337.84374994 337.98462730 338.46107798 313.68268538
 0.325 339.85668165 338.50918804 338.10022392 338.24879024 338.73294984 313.82714099
 0.330 340.08360619 338.74901888 338.34841109 338.50452005 338.99620860 313.96745943
 0.335 340.30258554 338.98077489 338.58840508 338.75190392 339.25093805 314.10364654
 0.340 340.51374523 339.20455824 338.82029640 338.99102620 339.49721926 314.23570801
 0.345 340.71720631 339.42046761 339.04417252 339.22196842 339.73513062 314.36364934
 0.350 340.91308540 339.62859819 339.26011789 339.44480933 339.96474785 314.48747585
 0.355 341.10149479 339.82904175 339.46821397 339.65962491 340.18614403 314.60719271
 0.360 341.28254248 340.02188667 339.66853925 339.86648841 340.39938963 314.72280490
 0.365 341.45633224 340.20721798 339.86116929 340.06547036 340.60455252 314.83431724
 0.370 341.62296370 340.38511739 340.04617675 340.25663860 340.80169800 314.94173439
 0.375 341.78253237 340.55566333 340.22363141 340.44005832 340.99088881 315.04506080
 0.380 341.93512972 340.71893102 340.39360022 340.61579205 341.17218516 315.14430080
 0.385 342.08084323 340.87499242 340.55614729 340.78389973 341.34564478 315.23945851
 0.390 342.21975642 341.02391635 340.71133392 340.94443866 341.51132285 315.33053790
 0.395 342.35194891 341.16576848 340.85921865 341.09746359 341.66927211 315.41754276
 0.400 342.47749649 341.30061135 340.99985727 341.24302669 341.81954284 315.50047672
 0.405 342.59647112 341.42850440 341.13330283 341.38117760 341.96218286 315.57934324
 0.410 342.70894101 341.54950404 341.25960565 341.51196342 342.09723757 315.65414560
 0.415 342.81497061 341.66366361 341.37881339 341.63542874 342.22474995 315.72488691
 0.420 342.91462071 341.77103344 341.49097100 341.75161566 342.34476060 315.79157013
 0.425 343.00794843 341.87166088 341.59612080 341.86056380 342.45730770 315.85419804
 0.430 343.09500727 341.96559030 341.69430244 341.96231031 342.56242708 315.91277323
 0.435 343.17584713 342.05286310 341.78555296 342.05688988 342.66015219 315.96729816
 0.440 343.25051435 342.13351777 341.86990678 342.14433475 342.75051414 316.01777510
 0.445 343.31905174 342.20758988 341.94739572 342.22467475 342.83354169 316.06420615
 0.450 343.38149857 342.27511207 342.01804900 342.29793726 342.90926127 316.10659324
 0.455 343.43789065 342.33611412 342.08189328 342.36414727 342.97769697 316.14493814
 0.460 343.48826030 342.39062293 342.13895264 342.42332735 343.03887057 316.17924244
 0.465 343.53263639 342.43866253 342.18924859 342.47549768 343.09280155 316.20950759
 0.470 343.57104437 342.48025410 342.23280013 342.52067605 343.13950707 316.23573483
 0.475 343.60350624 342.51541599 342.26962366 342.55887787 343.17900200 316.25792526
 0.480 343.63004061 342.54416368 342.29973308 342.59011615 343.21129891 316.27607981
 0.485 343.65066270 342.56650987 342.32313975 342.61440156 343.23640807 316.29019923
 0.490 343.66538433 342.58246440 342.33985250 342.63174236 343.25433748 316.30028411
 0.495 343.67421393 342.59203430 342.34987762 342.64214448 343.26509284 316.30633487
 0.500 343.67715657 342.59522380 342.35321891 342.64561146 343.26867758 316.30835176
 0.505 343.67421393 342.59203430 342.34987762 342.64214448 343.26509284 316.30633487
 0.510 343.66538433 342.58246440 342.33985250 342.63174236 343.25433748 316.30028411
 0.515 343.65066270 342.56650987 342.32313975 342.61440156 343.23640807 316.29019923
 0.520 343.63004061 342.54416368 342.29973308 342.59011615 343.21129891 316.27607981
 0.525 343.60350624 342.51541599 342.26962366 342.55887787 343.17900200 316.25792526
 0.530 343.57104437 342.48025410 342.23280013 342.52067605 343.13950707 316.23573483
 0.535 343.53263639 342.43866253 342.18924859 342.47549768 343.09280155 316.20950759
 0.540 343.48826030 342.39062293 342.13895264 342.42332735 343.03887057 316.17924244
 0.545 343.43789065 342.33611412 342.08189328 342.36414727 342.97769697 316.14493814
 0.550 343.38149857 342.27511207 342.01804900 342.29793726 342.90926127 316.10659324
 0.555 343.31905174 342.20758988 341.94739572 342.22467475 342.83354169 316.06420615
 0.560 343.25051435 342.13351777 341.86990678 342.14433475 342.75051414 316.01777510
 0.565 343.17584713 342.05286310 341.78555296 342.05688988 342.66015219 315.96729816
 0.570 343.09500727 341.96559030 341.69430244 341.96231031 342.56242708 315.91277323
 0.575 343.00794843 341.87166088 341.59612080 341.86056380 342.45730770 315.85419804
 0.580 342.91462071 341.77103344 341.49097100 341.75161566 342.34476060 315.79157013
 0.585 342.81497061 341.66366361 341.37881339 341.63542874 342.22474995 315.72488691
 0.590 342.70894101 341.54950404 341.25960565 341.51196342 342.09723757 315.65414560
 0.595 342.59647112 341.42850440 341.13330283 341.38117760 341.96218286 315.57934324
 0.600 342.47749649 341.30061135 340.99985727 341.24302669 341.81954284 315.50047672
 0.605 342.35194891 341.16576848 340.85921865 341.09746359 341.66927211 315.41754276
 0.610 342.21975642 341.02391635 340.71133392 340.94443866 341.51132285 315.33053790
 0.615 342.08084323 340.87499242 340.55614729 340.78389973 341.34564478 315.23945851
 0.620 341.93512972 340.71893102 340.39360022 340.61579205 341.17218516 315.14430080
 0.625 341.78253237 340.55566333 340.22363141 340.44005832 340.99088881 315.04506080
 0.630 341.62296370 340.38511739 340.04617675 340.25663860 340.80169800 314.94173439
 0.635 341.45633224 340.20721798 339.86116929 340.06547036 340.60455252 314.83431724
 0.640 341.28254248 340.02188667 339.66853925 339.86648841 340.39938963 314.72280490
 0.645 341.10149479 339.82904175 339.46821397 339.65962491 340.18614403 314.60719271
 0.650 340.91308540 339.62859819 339.26011789 339.44480933 339.96474785 314.48747585
 0.655 340.71720631 339.42046761 339.04417252 339.22196842 339.73513062 314.36364934
 0.660 340.51374523 339.20455824 338.82029640 338.99102620 339.49721926 314.23570801
 0.665 340.30258554 338.98077489 338.58840508 338.75190392 339.25093805 314.10364654
 0.670 340.08360619 338.74901888 338.34841109 338.50452005 338.99620860 313.96745943
 0.675 339.85668165 338.50918804 338.10022392 338.24879024 338.73294984 313.82714099
 0.680 339.62168186 338.26117662 337.84374994 337.98462730 338.46107798 313.68268538
 0.685 339.37847210 338.00487526 337.57889241 337.71194115 338.18050649 313.53408659
 0.690 339.12691297 337.74017097 337.30555143 337.43063882 337.89114606 313.38133842
 0.695 338.86686025 337.46694702 337.02362389 337.14062439 337.59290461 313.22443451
 0.700 338.59816489 337.18508296 336.73300345 336.84179897 337.28568720 313.06336832
 0.705 338.32067286 336.89445450 336.43358049 336.53406068 336.96939606 312.89813313
 0.710 338.03422510 336.59493351 336.12524206 336.21730458 336.64393052 312.72872207
 0.715 337.73865740 336.28638792 335.80787186 335.89142268 336.30918699 312.55512807
 0.720 337.43380035 335.96868168 335.48135019 335.55630386 335.96505893 312.37734391
 0.725 337.11947919 335.64167473 335.14555386 335.21183384 335.61143681 312.19536217
 0.730 336.79551374 335.30522287 334.80035623 334.85789519 335.24820808 312.00917526
 0.735 336.46171830 334.95917776 334.44562708 334.49436721 334.87525714 311.81877545
 0.740 336.11790154 334.60338683 334.08123261 334.12112595 334.49246528 311.62415478
 0.745 335.76386636 334.23769320 333.70703538 333.73804416 334.09971066 311.42530515
 0.750 335.39940984 333.86193564 333.32289422 333.34499121 333.69686829 311.22221828
 0.755 335.02432304 333.47594847 332.92866425 332.94183309 333.28380995 311.01488571
 0.760 334.63839097 333.07956150 332.52419676 332.52843232 332.86040416 310.80329878
 0.765 334.24139240 332.67259995 332.10933919 332.10464796 332.42651618 310.58744870
 0.770 333.83309976 332.25488441 331.68393505 331.67033550 331.98200790 310.36732646
 0.775 333.41327901 331.82623068 331.24782388 331.22534686 331.52673784 310.14292289
 0.780 332.98168950 331.38644978 330.80084118 330.76953031 331.06056111 309.91422865
 0.785 332.53808383 330.93534779 330.34281835 330.30273044 330.58332933 309.68123420
 0.790 332.08220772 330.47272583 329.87358262 329.82478808 330.09489061 309.44392983
 0.795 331.61379985 329.99837990 329.39295699 329.33554026 329.59508948 309.20230566
 0.800 331.13259171 329.51210088 328.90076017 328.83482017 329.08376688 308.95635162
 0.805 330.63830747 329.01367435 328.39680651 328.32245707 328.56076006 308.70605747
 0.810 330.13066379 328.50288056 327.88090592 327.79827628 328.02590256 308.45141277
 0.815 329.60936968 327.97949427 327.35286380 327.26209905 327.47902415 308.19240691
 0.820 329.07412632 327.44328474 326.81248096 326.71374257 326.91995076 307.92902910
 0.825 328.52462691 326.89401553 326.25955359 326.15301987 326.34850446 307.66126837
 0.830 327.96055644 326.33144447 325.69387310 325.57973976 325.76450338 307.38911355
 0.835 327.38159159 325.75532352 325.11522614 324.99370677 325.16776162 307.11255332
 0.840 326.78740048 325.16539865 324.52339443 324.39472107 324.55808927 306.83157615
 0.845 326.17764251 324.56140976 323.91815473 323.78257844 323.93529228 306.54617032
 0.850 325.55196815 323.94309054 323.29927876 323.15707015 323.29917243 306.25632395
 0.855 324.91001874 323.31016837 322.66653306 322.51798292 322.64952725 305.96202496
 0.860 324.25142632 322.66236418 322.01967897 321.86509885 321.98614998 305.66326109
 0.865 323.57581335 321.99939236 321.35847249 321.19819532 321.30882948 305.36001989
 0.870 322.88279256 321.32096059 320.68266422 320.51704494 320.61735017 305.05228873
 0.875 322.17196671 320.62676973 319.99199924 319.82141546 319.91149198 304.74005477
 0.880 321.44292832 319.91651372 319.28621703 319.11106969 319.19103024 304.42330502
 0.885 320.69525949 319.18987939 318.56505138 318.38576543 318.45573564 304.10202627
 0.890 319.92853165 318.44654636 317.82823025 317.64525536 317.70537416 303.77620514
 0.895 319.14230528 317.68618688 317.07547573 316.88928700 316.93970698 303.44582806
 0.900 318.33612972 316.90846571 316.30650386 316.11760259 316.15849040 303.11088124
 0.905 317.50954283 316.11303994 315.52102460 315.32993901 315.36147578 302.77135075
 0.910 316.66207080 315.29955885 314.71874167 314.52602768 314.54840944 302.42722243
 0.915 315.79322784 314.46766377 313.89935243 313.70559451 313.71903260 302.07848195
 0.920 314.90251591 313.61698791 313.06254782 312.86835974 312.87308130 301.72511477
 0.925 313.98942444 312.74715619 312.20801219 312.01403791 312.01028628 301.36710616
 0.930 313.05343001 311.85778509 311.33542322 311.14233772 311.13037294 301.00444122
 0.935 312.09399610 310.94848249 310.44445177 310.25296195 310.23306123 300.63710483
 0.940 311.11057274 310.01884745 309.53476175 309.34560735 309.31806553 300.26508169
 0.945 310.10259620 309.06847010 308.60601004 308.41996454 308.38509464 299.88835629
 0.950 309.06948870 308.09693139 307.65784630 307.47571790 307.43385162 299.50691294
 0.955 308.01065803 307.10380297 306.68991290 306.51254548 306.46403369 299.12073574
 0.960 306.92549725 306.08864694 305.70184473 305.53011886 305.47533219 298.72980861
 0.965 305.81338431 305.05101573 304.69326908 304.52810308 304.46743244 298.33411525
 0.970 304.67368173 303.99045181 303.66380553 303.50615646 303.44001365 297.93363917
 0.975 303.50573621 302.90648759 302.61306576 302.46393057 302.39274881 297.52836370
 0.980 302.30887826 301.79864511 301.54065343 301.40107003 301.32530461 297.11827194
 0.985 301.08242180 300.66643593 300.44616403 300.31721245 300.23734129 296.70334681
 0.990 299.82566381 299.50936084 299.32918471 299.21198826 299.12851258 296.28357102
 0.995 298.53788388 298.32690967 298.18929416 298.08502061 297.99846558 295.85892707
 1.000 297.21834383 297.11856106 297.02606240 296.93592524 296.84684060 295.42939728
