     x         0.01        0.015         0.02        0.025         0.03            1
 0.000 295.11139341 294.93352181 294.79676383 294.68423353 294.58587164 280.00533796
 0.005 299.36139279 298.46632391 297.90203191 297.49614901 297.18247695 283.00408001
 0.010 303.41984428 301.86748795 300.90592184 300.22501952 299.70824249 285.95291636
 0.015 307.29537720 305.14190825 303.81172453 302.87327101 302.16506727 288.85252895
 0.020 310.99623197 308.29429676 306.62262339 305.44325775 304.55479845 291.70358833
 0.025 314.53027757 311.32918979 309.34169787 307.93726443 306.87923275 294.50675381
 0.030 317.90502831 314.25095461 311.97192684 310.35750821 309.14011780 297.26267364
 0.035 321.12765981 317.06379567 314.51619182 312.70614065 311.33915345 299.97198513
 0.040 324.20502422 319.77176069 316.97728016 314.98524968 313.47799305 302.63531484
 0.045 327.14366484 322.37874647 319.35788808 317.19686139 315.55824468 305.25327866
 0.050 329.94982999 324.88850450 321.66062362 319.34294189 317.58147239 307.82648200
 0.055 332.62948632 327.30464636 323.88800955 321.42539903 319.54919733 310.35551995
 0.060 335.18833148 329.63064890 326.04248603 323.44608409 321.46289895 312.84097734
 0.065 337.63180625 331.86985928 328.12641340 325.40679344 323.32401605 315.28342895
 0.070 339.96510609 334.02549976 330.14207469 327.30927014 325.13394793 317.68343961
 0.075 342.19319223 336.10067232 332.09167812 329.15520546 326.89405539 320.04156433
 0.080 344.32080216 338.09836318 333.97735957 330.94624044 328.60566175 322.35834844
 0.085 346.35245974 340.02144703 335.80118489 332.68396727 330.27005390 324.63432770
 0.090 348.29248481 341.87269122 337.56515214 334.36993080 331.88848321 326.87002845
 0.095 350.14500237 343.65475971 339.27119383 336.00562981 333.46216649 329.06596769
 0.100 351.91395136 345.37021694 340.92117899 337.59251844 334.99228692 331.22265326
 0.105 353.60309303 347.02153145 342.51691526 339.13200741 336.47999493 333.34058389
 0.110 355.21601895 348.61107953 344.06015082 340.62546531 337.92640904 335.42024937
 0.115 356.75615862 350.14114855 345.55257635 342.07421982 339.33261675 337.46213062
 0.120 358.22678678 351.61394030 346.99582687 343.47955886 340.69967531 339.46669985
 0.125 359.63103038 353.03157415 348.39148352 344.84273177 342.02861255 341.43442061
 0.130 360.97187520 354.39609009 349.74107529 346.16495040 343.32042763 343.36574795
 0.135 362.25217224 355.70945168 351.04608072 347.44739018 344.57609180 345.26112851
 0.140 363.47464375 356.97354887 352.30792950 348.69119119 345.79654913 347.12100058
 0.145 364.64188902 358.19020071 353.52800403 349.89745917 346.98271723 348.94579429
 0.150 365.75638992 359.36115798 354.70764095 351.06726647 348.13548792 350.73593161
 0.155 366.82051617 360.48810571 355.84813261 352.20165304 349.25572791 352.49182653
 0.160 367.83653040 361.57266557 356.95072846 353.30162734 350.34427944 354.21388511
 0.165 368.80659290 362.61639828 358.01663644 354.36816724 351.40196096 355.90250557
 0.170 369.73276630 363.62080578 359.04702429 355.40222087 352.42956768 357.55807843
 0.175 370.61701987 364.58733343 360.04302085 356.40470752 353.42787221 359.18098653
 0.180 371.46123378 365.51737207 361.00571727 357.37651836 354.39762511 360.77160519
 0.185 372.26720305 366.41226003 361.93616823 358.31851735 355.33955551 362.33030224
 0.190 373.03664138 367.27328509 362.83539307 359.23154190 356.25437159 363.85743813
 0.195 373.77118479 368.10168626 363.70437693 360.11640369 357.14276116 365.35336603
 0.200 374.47239512 368.89865562 364.54407181 360.97388935 358.00539216 366.81843187
 0.205 375.14176333 369.66534002 365.35539765 361.80476118 358.84291314 368.25297446
 0.210 375.78071268 370.40284274 366.13924327 362.60975781 359.65595382 369.65732554
 0.215 376.39060173 371.11222506 366.89646742 363.38959488 360.44512546 371.03180988
 0.220 376.97272727 371.79450777 367.62789966 364.14496566 361.21102141 372.37674532
 0.225 377.52832705 372.45067270 368.33434131 364.87654167 361.95421752 373.69244289
 0.230 378.05858243 373.08166407 369.01656630 365.58497326 362.67527254 374.97920686
 0.235 378.56462087 373.68838990 369.67532204 366.27089023 363.37472861 376.23733479
 0.240 379.04751834 374.27172326 370.31133022 366.93490236 364.05311162 377.46711763
 0.245 379.50830160 374.83250359 370.92528762 367.57759994 364.71093160 378.66883977
 0.250 379.94795040 375.37153785 371.51786685 368.19955432 365.34868314 379.84277912
 0.255 380.36739956 375.88960172 372.08971710 368.80131843 365.96684574 380.98920715
 0.260 380.76754092 376.38744071 372.64146487 369.38342721 366.56588415 382.10838898
 0.265 381.14922531 376.86577120 373.17371461 369.94639816 367.14624878 383.20058344
 0.270 381.51326427 377.32528153 373.68704942 370.49073176 367.70837595 384.26604308
 0.275 381.86043185 377.76663294 374.18203169 371.01691191 368.25268832 385.30501431
 0.280 382.19146622 378.19046053 374.65920369 371.52540638 368.77959512 386.31773739
 0.285 382.50707125 378.59737421 375.11908817 372.01666723 369.28949250 387.30444652
 0.290 382.80791800 378.98795952 375.56218897 372.49113117 369.78276384 388.26536987
 0.295 383.09464614 379.36277852 375.98899151 372.94922000 370.25978001 389.20072968
 0.300 383.36786534 379.72237058 376.39996338 373.39134095 370.72089963 390.11074223
 0.305 383.62815653 380.06725317 376.79555482 373.81788708 371.16646942 390.99561799
 0.310 383.87607316 380.39792256 377.17619920 374.22923757 371.59682436 391.85556157
 0.315 384.11214237 380.71485461 377.54231354 374.62575811 372.01228803 392.69077185
 0.320 384.33686609 381.01850537 377.89429894 375.00780120 372.41317279 393.50144196
 0.325 384.55072216 381.30931181 378.23254100 375.37570648 372.79978005 394.28775939
 0.330 384.75416528 381.58769240 378.55741029 375.72980101 373.17240047 395.04990597
 0.335 384.94762804 381.85404774 378.86926272 376.07039958 373.53131421 395.78805795
 0.340 385.13152178 382.10876111 379.16843992 376.39780498 373.87679112 396.50238604
 0.345 385.30623751 382.35219905 379.45526967 376.71230826 374.20909096 397.19305541
 0.350 385.47214672 382.58471186 379.73006620 377.01418902 374.52846355 397.86022580
 0.355 385.62960218 382.80663415 379.99313055 377.30371563 374.83514902 398.50405149
 0.360 385.77893867 383.01828526 380.24475093 377.58114547 375.12937795 399.12468137
 0.365 385.92047374 383.21996975 380.48520299 377.84672518 375.41137155 399.72225896
 0.370 386.05450832 383.41197786 380.71475016 378.10069085 375.68134185 400.29692245
 0.375 386.18132740 383.59458589 380.93364392 378.34326826 375.93949182 400.84880474
 0.380 386.30120063 383.76805660 381.14212407 378.57467306 376.18601555 401.37803345
 0.385 386.41438290 383.93263964 381.34041902 378.79511096 376.42109840 401.88473097
 0.390 386.52111485 384.08857183 381.52874600 379.00477793 376.64491710 402.36901447
 0.395 386.62162344 384.23607757 381.70731134 379.20386036 376.85763993 402.83099595
 0.400 386.71612237 384.37536911 381.87631066 379.39253524 377.05942684 403.27078224
 0.405 386.80481256 384.50664690 382.03592910 379.57097029 377.25042953 403.68847505
 0.410 386.88788261 384.63009986 382.18634153 379.73932415 377.43079162 404.08417097
 0.415 386.96550912 384.74590562 382.32771275 379.89774647 377.60064870 404.45796150
 0.420 387.03785717 384.85423085 382.46019761 380.04637809 377.76012848 404.80993309
 0.425 387.10508058 384.95523141 382.58394128 380.18535115 377.90935087 405.14016713
 0.430 387.16732229 385.04905265 382.69907931 380.31478920 378.04842807 405.44873998
 0.435 387.22471463 385.13582958 382.80573784 380.43480729 378.17746463 405.73572302
 0.440 387.27737964 385.21568707 382.90403372 380.54551213 378.29655757 406.00118260
 0.445 387.32542930 385.28874004 382.99407464 380.64700213 378.40579644 406.24518011
 0.450 387.36896578 385.35509362 383.07595924 380.73936751 378.50526336 406.46777198
 0.455 387.40808164 385.41484328 383.14977724 380.82269039 378.59503312 406.66900968
 0.460 387.44286005 385.46807502 383.21560949 380.89704484 378.67517321 406.84893975
 0.465 387.47337498 385.51486542 383.27352812 380.96249696 378.74574389 407.00760380
 0.470 387.49969128 385.55528182 383.32359659 381.01910494 378.80679821 407.14503853
 0.475 387.52186493 385.58938238 383.36586975 381.06691910 378.85838208 407.26127571
 0.480 387.53994307 385.61721617 383.40039390 381.10598194 378.90053428 407.35634222
 0.485 387.55396414 385.63882325 383.42720687 381.13632820 378.93328651 407.43026005
 0.490 387.56395795 385.65423471 383.44633804 381.15798485 378.95666338 407.48304630
 0.495 387.56994574 385.66347272 383.45780837 381.17097115 378.97068248 407.51471316
 0.500 387.57194026 385.66655058 383.46163041 381.17529863 378.97535434 407.52526797
 0.505 387.56994574 385.66347272 383.45780837 381.17097115 378.97068248 407.51471316
 0.510 387.56395795 385.65423471 383.44633804 381.15798485 378.95666338 407.48304630
 0.515 387.55396414 385.63882325 383.42720687 381.13632820 378.93328651 407.43026005
 0.520 387.53994307 385.61721617 383.40039390 381.10598194 378.90053428 407.35634222
 0.525 387.52186493 385.58938238 383.36586975 381.06691910 378.85838208 407.26127571
 0.530 387.49969128 385.55528182 383.32359659 381.01910494 378.80679821 407.14503853
 0.535 387.47337498 385.51486542 383.27352812 380.96249696 378.74574389 407.00760380
 0.540 387.44286005 385.46807502 383.21560949 380.89704484 378.67517321 406.84893975
 0.545 387.40808164 385.41484328 383.14977724 380.82269039 378.59503312 406.66900968
 0.550 387.36896578 385.35509362 383.07595924 380.73936751 378.50526336 406.46777198
 0.555 387.32542930 385.28874004 382.99407464 380.64700213 378.40579644 406.24518011
 0.560 387.27737964 385.21568707 382.90403372 380.54551213 378.29655757 406.00118260
 0.565 387.22471463 385.13582958 382.80573784 380.43480729 378.17746463 405.73572302
 0.570 387.16732229 385.04905265 382.69907931 380.31478920 378.04842807 405.44873998
 0.575 387.10508058 384.95523141 382.58394128 380.18535115 377.90935087 405.14016713
 0.580 387.03785717 384.85423085 382.46019761 380.04637809 377.76012848 404.80993309
 0.585 386.96550912 384.74590562 382.32771275 379.89774647 377.60064870 404.45796150
 0.590 386.88788261 384.63009986 382.18634153 379.73932415 377.43079162 404.08417097
 0.595 386.80481256 384.50664690 382.03592910 379.57097029 377.25042953 403.68847505
 0.600 386.71612237 384.37536911 381.87631066 379.39253524 377.05942684 403.27078224
 0.605 386.62162344 384.23607757 381.70731134 379.20386036 376.85763993 402.83099595
 0.610 386.52111485 384.08857183 381.52874600 379.00477793 376.64491710 402.36901447
 0.615 386.41438290 383.93263964 381.34041902 378.79511096 376.42109840 401.88473097
 0.620 386.30120063 383.76805660 381.14212407 378.57467306 376.18601555 401.37803345
 0.625 386.18132740 383.59458589 380.93364392 378.34326826 375.93949182 400.84880474
 0.630 386.05450832 383.41197786 380.71475016 378.10069085 375.68134185 400.29692245
 0.635 385.92047374 383.21996975 380.48520299 377.84672518 375.41137155 399.72225896
 0.640 385.77893867 383.01828526 380.24475093 377.58114547 375.12937795 399.12468137
 0.645 385.62960218 382.80663415 379.99313055 377.30371563 374.83514902 398.50405149
 0.650 385.47214672 382.58471186 379.73006620 377.01418902 374.52846355 397.86022580
 0.655 385.30623751 382.35219905 379.45526967 376.71230826 374.20909096 397.19305541
 0.660 385.13152178 382.10876111 379.16843992 376.39780498 373.87679112 396.50238604
 0.665 384.94762804 381.85404774 378.86926272 376.07039958 373.53131421 395.78805795
 0.670 384.75416528 381.58769240 378.55741029 375.72980101 373.17240047 395.04990597
 0.675 384.55072216 381.30931181 378.23254100 375.37570648 372.79978005 394.28775939
 0.680 384.33686609 381.01850537 377.89429894 375.00780120 372.41317279 393.50144196
 0.685 384.11214237 380.71485461 377.54231354 374.62575811 372.01228803 392.69077185
 0.690 383.87607316 380.39792256 377.17619920 374.22923757 371.59682436 391.85556157
 0.695 383.62815653 380.06725317 376.79555482 373.81788708 371.16646942 390.99561799
 0.700 383.36786534 379.72237058 376.39996338 373.39134095 370.72089963 390.11074223
 0.705 383.09464614 379.36277852 375.98899151 372.94922000 370.25978001 389.20072968
 0.710 382.80791800 378.98795952 375.56218897 372.49113117 369.78276384 388.26536987
 0.715 382.50707125 378.59737421 375.11908817 372.01666723 369.28949250 387.30444652
 0.720 382.19146622 378.19046053 374.65920369 371.52540638 368.77959512 386.31773739
 0.725 381.86043185 377.76663294 374.18203169 371.01691191 368.25268832 385.30501431
 0.730 381.51326427 377.32528153 373.68704942 370.49073176 367.70837595 384.26604308
 0.735 381.14922531 376.86577120 373.17371461 369.94639816 367.14624878 383.20058344
 0.740 380.76754092 376.38744071 372.64146487 369.38342721 366.56588415 382.10838898
 0.745 380.36739956 375.88960172 372.08971710 368.80131843 365.96684574 380.98920715
 0.750 379.94795040 375.37153785 371.51786685 368.19955432 365.34868314 379.84277912
 0.755 379.50830160 374.83250359 370.92528762 367.57759994 364.71093160 378.66883977
 0.760 379.04751834 374.27172326 370.31133022 366.93490236 364.05311162 377.46711763
 0.765 378.56462087 373.68838990 369.67532204 366.27089023 363.37472861 376.23733479
 0.770 378.05858243 373.08166407 369.01656630 365.58497326 362.67527254 374.97920686
 0.775 377.52832705 372.45067270 368.33434131 364.87654167 361.95421752 373.69244289
 0.780 376.97272727 371.79450777 367.62789966 364.14496566 361.21102141 372.37674532
 0.785 376.39060173 371.11222506 366.89646742 363.38959488 360.44512546 371.03180988
 0.790 375.78071268 370.40284274 366.13924327 362.60975781 359.65595382 369.65732554
 0.795 375.14176333 369.66534002 365.35539765 361.80476118 358.84291314 368.25297446
 0.800 374.47239512 368.89865562 364.54407181 360.97388935 358.00539216 366.81843187
 0.805 373.77118479 368.10168626 363.70437693 360.11640369 357.14276116 365.35336603
 0.810 373.03664138 367.27328509 362.83539307 359.23154190 356.25437159 363.85743813
 0.815 372.26720305 366.41226003 361.93616823 358.31851735 355.33955551 362.33030224
 0.820 371.46123378 365.51737207 361.00571727 357.37651836 354.39762511 360.77160519
 0.825 370.61701987 364.58733343 360.04302085 356.40470752 353.42787221 359.18098653
 0.830 369.73276630 363.62080578 359.04702429 355.40222087 352.42956768 357.55807843
 0.835 368.80659290 362.61639828 358.01663644 354.36816724 351.40196096 355.90250557
 0.840 367.83653040 361.57266557 356.95072846 353.30162734 350.34427944 354.21388511
 0.845 366.82051617 360.48810571 355.84813261 352.20165304 349.25572791 352.49182653
 0.850 365.75638992 359.36115798 354.70764095 351.06726647 348.13548792 350.73593161
 0.855 364.64188902 358.19020071 353.52800403 349.89745917 346.98271723 348.94579429
 0.860 363.47464375 356.97354887 352.30792950 348.69119119 345.79654913 347.12100058
 0.865 362.25217224 355.70945168 351.04608072 347.44739018 344.57609180 345.26112851
 0.870 360.97187520 354.39609009 349.74107529 346.16495040 343.32042763 343.36574795
 0.875 359.63103038 353.03157415 348.39148352 344.84273177 342.02861255 341.43442061
 0.880 358.22678678 351.61394030 346.99582687 343.47955886 340.69967531 339.46669985
 0.885 356.75615862 350.14114855 345.55257635 342.07421982 339.33261675 337.46213062
 0.890 355.21601895 348.61107953 344.06015082 340.62546531 337.92640904 335.42024937
 0.895 353.60309303 347.02153145 342.51691526 339.13200741 336.47999493 333.34058389
 0.900 351.91395136 345.37021694 340.92117899 337.59251844 334.99228692 331.22265326
 0.905 350.14500237 343.65475971 339.27119383 336.00562981 333.46216649 329.06596769
 0.910 348.29248481 341.87269122 337.56515214 334.36993080 331.88848321 326.87002845
 0.915 346.35245974 340.02144703 335.80118489 332.68396727 330.27005390 324.63432770
 0.920 344.32080216 338.09836318 333.97735957 330.94624044 328.60566175 322.35834844
 0.925 342.19319223 336.10067232 332.09167812 329.15520546 326.89405539 320.04156433
 0.930 339.96510609 334.02549976 330.14207469 327.30927014 325.13394793 317.68343961
 0.935 337.63180625 331.86985928 328.12641340 325.40679344 323.32401605 315.28342895
 0.940 335.18833148 329.63064890 326.04248603 323.44608409 321.46289895 312.84097734
 0.945 332.62948632 327.30464636 323.88800955 321.42539903 319.54919733 310.35551995
 0.950 329.94982999 324.88850450 321.66062362 319.34294189 317.58147239 307.82648200
 0.955 327.14366484 322.37874647 319.35788808 317.19686139 315.55824468 305.25327866
 0.960 324.20502422 319.77176069 316.97728016 314.98524968 313.47799305 302.63531484
 0.965 321.12765981 317.06379567 314.51619182 312.70614065 311.33915345 299.97198513
 0.970 317.90502831 314.25095461 311.97192684 310.35750821 309.14011780 297.26267364
 0.975 314.53027757 311.32918979 309.34169787 307.93726443 306.87923275 294.50675381
 0.980 310.99623197 308.29429676 306.62262339 305.44325775 304.55479845 291.70358833
 0.985 307.29537720 305.14190825 303.81172453 302.87327101 302.16506727 288.85252895
 0.990 303.41984428 301.86748795 300.90592184 300.22501952 299.70824249 285.95291636
 0.995 299.36139279 298.46632391 297.90203191 297.49614901 297.18247695 283.00408001
 1.000 295.11139341 294.93352181 294.79676383 294.68423353 294.58587164 280.00533796
