     x    0.5    0.8    1.1    1.4    1.7      2
 0.079 -0.000 -0.000 -0.000 -0.001 -0.001 -0.001
 0.158 -0.000 -0.000 -0.001 -0.002 -0.003 -0.003
 0.237  0.001 -0.000 -0.001 -0.003 -0.005 -0.006
 0.316  0.003  0.000 -0.001 -0.003 -0.006 -0.009
 0.395  0.008  0.003 -0.001 -0.003 -0.006 -0.011
 0.474  0.015  0.008 -0.000 -0.003 -0.007 -0.010
 0.553  0.024  0.015  0.004 -0.003 -0.007 -0.012
 0.632  0.036  0.025  0.012 -0.001 -0.007 -0.013
 0.711  0.052  0.038  0.022  0.001 -0.006 -0.013
 0.789  0.072  0.054  0.035  0.012 -0.003 -0.013
 0.868  0.096  0.074  0.051  0.026 -0.000 -0.011
 0.947  0.124  0.098  0.071  0.043  0.004 -0.009
 1.026  0.156  0.126  0.095  0.062  0.022 -0.005
 1.105  0.194  0.159  0.123  0.086  0.043 -0.000
 1.184  0.236  0.196  0.155  0.113  0.067  0.006
 1.263  0.284  0.238  0.192  0.144  0.093  0.021
 1.342  0.337  0.286  0.234  0.180  0.123  0.056
 1.421  0.396  0.338  0.280  0.220  0.158  0.087
 1.500  0.460  0.397  0.332  0.266  0.197  0.121
