     x    0.5    0.8    1.1    1.4    1.7      2
 0.079  0.000 -0.000 -0.001 -0.002 -0.003 -0.004
 0.158  0.007  0.002 -0.001 -0.003 -0.005 -0.011
 0.237  0.027  0.017  0.007 -0.002 -0.006 -0.011
 0.316  0.066  0.050  0.033  0.013 -0.003 -0.011
 0.395  0.130  0.105  0.079  0.052  0.018 -0.004
 0.474  0.223  0.187  0.150  0.113  0.072  0.014
 0.553  0.349  0.301  0.252  0.201  0.149  0.092
 0.632  0.514  0.451  0.387  0.322  0.255  0.185
 0.711  0.720  0.640  0.560  0.478  0.394  0.308
 0.789  0.971  0.873  0.773  0.673  0.571  0.466
 0.868  1.271  1.152  1.032  0.910  0.788  0.662
 0.947  1.622  1.480  1.337  1.194  1.048  0.900
 1.026  2.027  1.861  1.694  1.525  1.355  1.182
 1.105  2.489  2.297  2.103  1.908  1.711  1.512
 1.184  3.012  2.791  2.569  2.345  2.120  1.892
 1.263  3.596  3.345  3.093  2.839  2.583  2.324
 1.342  4.246  3.962  3.677  3.391  3.103  2.812
 1.421  4.962  4.645  4.325  4.005  3.682  3.356
 1.500  5.748  5.394  5.039  4.681  4.322  3.960
