     x        0.001         0.01          0.1            1           10          100
 0.000 297.97039769 297.78394404 296.63854398 292.13478261 287.78401789 287.15890028
 0.005 298.06392456 298.46656093 300.93998925 310.66561376 320.06085045 321.41075748
 0.010 298.15160500 299.10650686 304.97254755 328.03806706 350.32003103 353.52150224
 0.015 298.23380445 299.70644921 308.75302705 344.32455286 378.68768334 383.62497580
 0.020 298.31086554 300.26888859 312.29718521 359.59295508 405.28204696 411.84665287
 0.025 298.38310946 300.79616932 315.61979449 373.90691416 430.21397024 438.30416458
 0.030 298.45083733 301.29048917 318.73470390 387.32609231 453.58737225 463.10778887
 0.035 298.51433146 301.75390851 321.65489673 399.90642219 475.49967600 486.36091005
 0.040 298.57385649 302.18835894 324.39254469 411.70034003 496.04221446 508.16044977
 0.045 298.62966053 302.59565129 326.95905860 422.75700424 515.30061126 528.59727100
 0.050 298.68197618 302.97748320 329.36513598 433.12250025 533.35513758 547.75655673
 0.055 298.73102150 303.33544619 331.62080564 442.84003261 550.28104675 565.71816503
 0.060 298.77700091 303.67103229 333.73546946 451.95010511 566.14888788 582.55696194
 0.065 298.82010605 303.98564026 335.71794161 460.49068956 581.02479993 598.34313346
 0.070 298.86051661 304.28058142 337.57648524 468.49738410 594.97078739 613.14247817
 0.075 298.89840100 304.55708513 339.31884699 476.00356153 608.04497872 627.01668140
 0.080 298.93391715 304.81630387 340.95228922 483.04050845 620.30186865 640.02357241
 0.085 298.96721307 305.05931811 342.48362029 489.63755567 631.79254527 652.21736540
 0.090 298.99842757 305.28714076 343.91922297 495.82220041 642.56490304 663.64888550
 0.095 299.02769073 305.50072140 345.26508101 501.62022099 652.66384236 674.36578056
 0.100 299.05512454 305.70095026 346.52680411 507.05578422 662.13145677 684.41271983
 0.105 299.08084334 305.88866192 347.70965126 512.15154612 671.00720835 693.83158009
 0.110 299.10495432 306.06463879 348.81855272 516.92874644 679.32809225 702.66162023
 0.115 299.12755800 306.22961435 349.85813051 521.40729706 687.12879085 710.93964485
 0.120 299.14874857 306.38427625 350.83271770 525.60586511 694.44181836 718.70015770
 0.125 299.16861437 306.52926912 351.74637648 529.54195070 701.29765630 725.97550548
 0.130 299.18723820 306.66519732 352.60291510 533.23195986 707.72488059 732.79601267
 0.135 299.20469769 306.79262742 353.40590369 536.69127299 713.75028062 739.19010791
 0.140 299.22106560 306.91209055 354.15868922 539.93430889 719.39897095 745.18444252
 0.145 299.23641016 307.02408465 354.86440936 542.97458491 724.69449596 750.80400157
 0.150 299.25079534 307.12907652 355.52600565 545.82477325 729.65892801 756.07220801
 0.155 299.26428108 307.22750379 356.14623570 548.49675384 734.31295940 761.01102034
 0.160 299.27692360 307.31977671 356.72768469 551.00166378 738.67598867 765.64102409
 0.165 299.28877559 307.40627988 357.27277616 553.34994382 742.76620142 769.98151762
 0.170 299.29988646 307.48737385 357.78378213 555.55138188 746.60064613 774.05059263
 0.175 299.31030251 307.56339665 358.26283252 557.61515378 750.19530519 777.86520946
 0.180 299.32006717 307.63466513 358.71192406 559.54986157 753.56516155 781.44126788
 0.185 299.32922113 307.70147635 359.13292864 561.36356932 756.72426116 784.79367331
 0.190 299.33780254 307.76410880 359.52760103 563.06383678 759.68577150 787.93639895
 0.195 299.34584718 307.82282353 359.89758627 564.65775085 762.46203649 790.88254404
 0.200 299.35338857 307.87786526 360.24442652 566.15195515 765.06462790 793.64438845
 0.205 299.36045815 307.92946342 360.56956743 567.55267770 767.50439365 796.23344385
 0.210 299.36708538 307.97783308 360.87436424 568.86575686 769.79150294 798.66050174
 0.215 299.37329790 308.02317585 361.16008736 570.09666569 771.93548871 800.93567835
 0.220 299.37912159 308.06568072 361.42792773 571.25053477 773.94528735 803.06845689
 0.225 299.38458072 308.10552485 361.67900174 572.33217355 775.82927590 805.06772701
 0.230 299.38969806 308.14287432 361.91435589 573.34609043 777.59530707 806.94182191
 0.235 299.39449492 308.17788482 362.13497116 574.29651152 779.25074185 808.69855301
 0.240 299.39899131 308.21070225 362.34176710 575.18739830 780.80248030 810.34524259
 0.245 299.40320597 308.24146342 362.53560566 576.02246407 782.25699023 811.88875422
 0.250 299.40715646 308.27029653 362.71729479 576.80518948 783.62033421 813.33552145
 0.255 299.41085925 308.29732178 362.88759178 577.53883703 784.89819482 814.69157455
 0.260 299.41432977 308.32265179 363.04720645 578.22646464 786.09589831 815.96256571
 0.265 299.41758249 308.34639215 363.19680409 578.87093841 787.21843685 817.15379257
 0.270 299.42063097 308.36864182 363.33700825 579.47494460 788.27048932 818.27022030
 0.275 299.42348791 308.38949353 363.46840331 580.04100077 789.25644078 819.31650229
 0.280 299.42616522 308.40903419 363.59153693 580.57146630 790.18040079 820.29699957
 0.285 299.42867406 308.42734526 363.70692236 581.06855223 791.04622053 821.21579896
 0.290 299.43102489 308.44450305 363.81504054 581.53433047 791.85750883 822.07673012
 0.295 299.43322750 308.46057908 363.91634210 581.97074245 792.61764723 822.88338151
 0.300 299.43529108 308.47564035 364.01124930 582.37960717 793.32980407 823.63911534
 0.305 299.43722423 308.48974965 364.10015771 582.76262884 793.99694771 824.34708160
 0.310 299.43903500 308.50296579 364.18343791 583.12140392 794.62185887 825.01023118
 0.315 299.44073094 308.51534384 364.26143703 583.45742783 795.20714225 825.63132815
 0.320 299.44231913 308.52693540 364.33448017 583.77210116 795.75523739 826.21296132
 0.325 299.44380618 308.53778880 364.40287179 584.06673551 796.26842881 826.75755500
 0.330 299.44519828 308.54794925 364.46689695 584.34255894 796.74885554 827.26737913
 0.335 299.44650125 308.55745913 364.52682251 584.60072111 797.19852006 827.74455869
 0.340 299.44772052 308.56635806 364.58289825 584.84229809 797.61929662 828.19108264
 0.345 299.44886115 308.57468313 364.63535790 585.06829677 798.01293907 828.60881214
 0.350 299.44992792 308.58246905 364.68442013 585.27965916 798.38108816 828.99948832
 0.355 299.45092526 308.58974826 364.73028941 585.47726624 798.72527836 829.36473958
 0.360 299.45185734 308.59655112 364.77315696 585.66194165 799.04694431 829.70608832
 0.365 299.45272803 308.60290597 364.81320143 585.83445515 799.34742674 830.02495732
 0.370 299.45354097 308.60883930 364.85058974 585.99552578 799.62797810 830.32267567
 0.375 299.45429954 308.61437584 364.88547773 586.14582492 799.88976776 830.60048428
 0.380 299.45500691 308.61953867 364.91801082 586.28597902 800.13388689 830.85954110
 0.385 299.45566603 308.62434931 364.94832461 586.41657226 800.36135301 831.10092590
 0.390 299.45627964 308.62882781 364.97654545 586.53814897 800.57311421 831.32564481
 0.395 299.45685030 308.63299283 365.00279096 586.65121589 800.77005315 831.53463447
 0.400 299.45738039 308.63686175 365.02717055 586.75624431 800.95299069 831.72876599
 0.405 299.45787211 308.64045067 365.04978582 586.85367199 801.12268932 831.90884851
 0.410 299.45832753 308.64377457 365.07073105 586.94390501 801.27985639 832.07563265
 0.415 299.45874853 308.64684730 365.09009352 587.02731949 801.42514697 832.22981359
 0.420 299.45913687 308.64968165 365.10795396 587.10426311 801.55916665 832.37203396
 0.425 299.45949417 308.65228946 365.12438680 587.17505656 801.68247405 832.50288655
 0.430 299.45982192 308.65468158 365.13946054 587.23999494 801.79558311 832.62291678
 0.435 299.46012149 308.65686799 365.15323800 587.29934890 801.89896530 832.73262494
 0.440 299.46039412 308.65885781 365.16577661 587.35336584 801.99305153 832.83246832
 0.445 299.46064094 308.66065931 365.17712864 587.40227092 802.07823394 832.92286306
 0.450 299.46086300 308.66228002 365.18734140 587.44626797 802.15486760 833.00418595
 0.455 299.46106121 308.66372670 365.19645746 587.48554038 802.22327193 833.07677594
 0.460 299.46123640 308.66500536 365.20451481 587.52025184 802.28373203 833.14093561
 0.465 299.46138931 308.66612133 365.21154704 587.55054703 802.33649991 833.19693237
 0.470 299.46152056 308.66707928 365.21758346 587.57655222 802.38179553 833.24499963
 0.475 299.46163070 308.66788319 365.22264924 587.59837582 802.41980766 833.28533773
 0.480 299.46172020 308.66853642 365.22676548 587.61610877 802.45069476 833.31811481
 0.485 299.46178943 308.66904168 365.22994934 587.62982500 802.47458556 833.34346750
 0.490 299.46183867 308.66940109 365.23221409 587.63958167 802.49157964 833.36150145
 0.495 299.46186814 308.66961613 365.23356918 587.64541946 802.50174784 833.37229184
 0.500 299.46187795 308.66968771 365.23402025 587.64736268 802.50513254 833.37588365
 0.505 299.46186814 308.66961613 365.23356918 587.64541946 802.50174784 833.37229184
 0.510 299.46183867 308.66940109 365.23221409 587.63958167 802.49157964 833.36150145
 0.515 299.46178943 308.66904168 365.22994934 587.62982500 802.47458556 833.34346750
 0.520 299.46172020 308.66853642 365.22676548 587.61610877 802.45069476 833.31811481
 0.525 299.46163070 308.66788319 365.22264924 587.59837582 802.41980766 833.28533773
 0.530 299.46152056 308.66707928 365.21758346 587.57655222 802.38179553 833.24499963
 0.535 299.46138931 308.66612133 365.21154704 587.55054703 802.33649991 833.19693237
 0.540 299.46123640 308.66500536 365.20451481 587.52025184 802.28373203 833.14093561
 0.545 299.46106121 308.66372670 365.19645746 587.48554038 802.22327193 833.07677594
 0.550 299.46086300 308.66228002 365.18734140 587.44626797 802.15486760 833.00418595
 0.555 299.46064094 308.66065931 365.17712864 587.40227092 802.07823394 832.92286306
 0.560 299.46039412 308.65885781 365.16577661 587.35336584 801.99305153 832.83246832
 0.565 299.46012149 308.65686799 365.15323800 587.29934890 801.89896530 832.73262494
 0.570 299.45982192 308.65468158 365.13946054 587.23999494 801.79558311 832.62291678
 0.575 299.45949417 308.65228946 365.12438680 587.17505656 801.68247405 832.50288655
 0.580 299.45913687 308.64968165 365.10795396 587.10426311 801.55916665 832.37203396
 0.585 299.45874853 308.64684730 365.09009352 587.02731949 801.42514697 832.22981359
 0.590 299.45832753 308.64377457 365.07073105 586.94390501 801.27985639 832.07563265
 0.595 299.45787211 308.64045067 365.04978582 586.85367199 801.12268932 831.90884851
 0.600 299.45738039 308.63686175 365.02717055 586.75624431 800.95299069 831.72876599
 0.605 299.45685030 308.63299283 365.00279096 586.65121589 800.77005315 831.53463447
 0.610 299.45627964 308.62882781 364.97654545 586.53814897 800.57311421 831.32564481
 0.615 299.45566603 308.62434931 364.94832461 586.41657226 800.36135301 831.10092590
 0.620 299.45500691 308.61953867 364.91801082 586.28597902 800.13388689 830.85954110
 0.625 299.45429954 308.61437584 364.88547773 586.14582492 799.88976776 830.60048428
 0.630 299.45354097 308.60883930 364.85058974 585.99552578 799.62797810 830.32267567
 0.635 299.45272803 308.60290597 364.81320143 585.83445515 799.34742674 830.02495732
 0.640 299.45185734 308.59655112 364.77315696 585.66194165 799.04694431 829.70608832
 0.645 299.45092526 308.58974826 364.73028941 585.47726624 798.72527836 829.36473958
 0.650 299.44992792 308.58246905 364.68442013 585.27965916 798.38108816 828.99948832
 0.655 299.44886115 308.57468313 364.63535790 585.06829677 798.01293907 828.60881214
 0.660 299.44772052 308.56635806 364.58289825 584.84229809 797.61929662 828.19108264
 0.665 299.44650125 308.55745913 364.52682251 584.60072111 797.19852006 827.74455869
 0.670 299.44519828 308.54794925 364.46689695 584.34255894 796.74885554 827.26737913
 0.675 299.44380618 308.53778880 364.40287179 584.06673551 796.26842881 826.75755500
 0.680 299.44231913 308.52693540 364.33448017 583.77210116 795.75523739 826.21296132
 0.685 299.44073094 308.51534384 364.26143703 583.45742783 795.20714225 825.63132815
 0.690 299.43903500 308.50296579 364.18343791 583.12140392 794.62185887 825.01023118
 0.695 299.43722423 308.48974965 364.10015771 582.76262884 793.99694771 824.34708160
 0.700 299.43529108 308.47564035 364.01124930 582.37960717 793.32980407 823.63911534
 0.705 299.43322750 308.46057908 363.91634210 581.97074245 792.61764723 822.88338151
 0.710 299.43102489 308.44450305 363.81504054 581.53433047 791.85750883 822.07673012
 0.715 299.42867406 308.42734526 363.70692236 581.06855223 791.04622053 821.21579896
 0.720 299.42616522 308.40903419 363.59153693 580.57146630 790.18040079 820.29699957
 0.725 299.42348791 308.38949353 363.46840331 580.04100077 789.25644078 819.31650229
 0.730 299.42063097 308.36864182 363.33700825 579.47494460 788.27048932 818.27022030
 0.735 299.41758249 308.34639215 363.19680409 578.87093841 787.21843685 817.15379257
 0.740 299.41432977 308.32265179 363.04720645 578.22646464 786.09589831 815.96256571
 0.745 299.41085925 308.29732178 362.88759178 577.53883703 784.89819482 814.69157455
 0.750 299.40715646 308.27029653 362.71729479 576.80518948 783.62033421 813.33552145
 0.755 299.40320597 308.24146342 362.53560566 576.02246407 782.25699023 811.88875422
 0.760 299.39899131 308.21070225 362.34176710 575.18739830 780.80248030 810.34524259
 0.765 299.39449492 308.17788482 362.13497116 574.29651152 779.25074185 808.69855301
 0.770 299.38969806 308.14287432 361.91435589 573.34609043 777.59530707 806.94182191
 0.775 299.38458072 308.10552485 361.67900174 572.33217355 775.82927590 805.06772701
 0.780 299.37912159 308.06568072 361.42792773 571.25053477 773.94528735 803.06845689
 0.785 299.37329790 308.02317585 361.16008736 570.09666569 771.93548871 800.93567835
 0.790 299.36708538 307.97783308 360.87436424 568.86575686 769.79150294 798.66050174
 0.795 299.36045815 307.92946342 360.56956743 567.55267770 767.50439365 796.23344385
 0.800 299.35338857 307.87786526 360.24442652 566.15195515 765.06462790 793.64438845
 0.805 299.34584718 307.82282353 359.89758627 564.65775085 762.46203649 790.88254404
 0.810 299.33780254 307.76410880 359.52760103 563.06383678 759.68577150 787.93639895
 0.815 299.32922113 307.70147635 359.13292864 561.36356932 756.72426116 784.79367331
 0.820 299.32006717 307.63466513 358.71192406 559.54986157 753.56516155 781.44126788
 0.825 299.31030251 307.56339665 358.26283252 557.61515378 750.19530519 777.86520946
 0.830 299.29988646 307.48737385 357.78378213 555.55138188 746.60064613 774.05059263
 0.835 299.28877559 307.40627988 357.27277616 553.34994382 742.76620142 769.98151762
 0.840 299.27692360 307.31977671 356.72768469 551.00166378 738.67598867 765.64102409
 0.845 299.26428108 307.22750379 356.14623570 548.49675384 734.31295940 761.01102034
 0.850 299.25079534 307.12907652 355.52600565 545.82477325 729.65892801 756.07220801
 0.855 299.23641016 307.02408465 354.86440936 542.97458491 724.69449596 750.80400157
 0.860 299.22106560 306.91209055 354.15868922 539.93430889 719.39897095 745.18444252
 0.865 299.20469769 306.79262742 353.40590369 536.69127299 713.75028062 739.19010791
 0.870 299.18723820 306.66519732 352.60291510 533.23195986 707.72488059 732.79601267
 0.875 299.16861437 306.52926912 351.74637648 529.54195070 701.29765630 725.97550548
 0.880 299.14874857 306.38427625 350.83271770 525.60586511 694.44181836 718.70015770
 0.885 299.12755800 306.22961435 349.85813051 521.40729706 687.12879085 710.93964485
 0.890 299.10495432 306.06463879 348.81855272 516.92874644 679.32809225 702.66162023
 0.895 299.08084334 305.88866192 347.70965126 512.15154612 671.00720835 693.83158009
 0.900 299.05512454 305.70095026 346.52680411 507.05578422 662.13145677 684.41271983
 0.905 299.02769073 305.50072140 345.26508101 501.62022099 652.66384236 674.36578056
 0.910 298.99842757 305.28714076 343.91922297 495.82220041 642.56490304 663.64888550
 0.915 298.96721307 305.05931811 342.48362029 489.63755567 631.79254527 652.21736540
 0.920 298.93391715 304.81630387 340.95228922 483.04050845 620.30186865 640.02357241
 0.925 298.89840100 304.55708513 339.31884699 476.00356153 608.04497872 627.01668140
 0.930 298.86051661 304.28058142 337.57648524 468.49738410 594.97078739 613.14247817
 0.935 298.82010605 303.98564026 335.71794161 460.49068956 581.02479993 598.34313346
 0.940 298.77700091 303.67103229 333.73546946 451.95010511 566.14888788 582.55696194
 0.945 298.73102150 303.33544619 331.62080564 442.84003261 550.28104675 565.71816503
 0.950 298.68197618 302.97748320 329.36513598 433.12250025 533.35513758 547.75655673
 0.955 298.62966053 302.59565129 326.95905860 422.75700424 515.30061126 528.59727100
 0.960 298.57385649 302.18835894 324.39254469 411.70034003 496.04221446 508.16044977
 0.965 298.51433146 301.75390851 321.65489673 399.90642219 475.49967600 486.36091005
 0.970 298.45083733 301.29048917 318.73470390 387.32609231 453.58737225 463.10778887
 0.975 298.38310946 300.79616932 315.61979449 373.90691416 430.21397024 438.30416458
 0.980 298.31086554 300.26888859 312.29718521 359.59295508 405.28204696 411.84665287
 0.985 298.23380445 299.70644921 308.75302705 344.32455286 378.68768334 383.62497580
 0.990 298.15160500 299.10650686 304.97254755 328.03806706 350.32003103 353.52150224
 0.995 298.06392456 298.46656093 300.93998925 310.66561376 320.06085045 321.41075748
 1.000 297.97039769 297.78394404 296.63854398 292.13478261 287.78401789 287.15890028
