     x            0            3            6            9           12           15
 0.000          NaN 296.22793287 296.73339902 296.95716510 297.09045796 297.18135338
 0.005          NaN 301.77809014 300.63455872 300.12832760 299.82676738 299.62111525
 0.010          NaN 306.89027438 304.10758462 302.87866760 302.14826174 301.65123907
 0.015          NaN 311.59904683 307.19946237 305.26402946 304.11782556 303.34050341
 0.020          NaN 315.93624143 309.95202117 307.33284687 305.78881031 304.74613885
 0.025          NaN 319.93118005 312.40249968 309.12712617 307.20647954 305.91576693
 0.030          NaN 323.61087074 314.58404977 310.68329939 308.40923501 306.88901348
 0.035          NaN 327.00019026 316.52618507 312.03296389 309.42965690 307.69885113
 0.040          NaN 330.12205233 318.25518021 313.20352398 310.29538635 308.37271635
 0.045          NaN 332.99756247 319.79442632 314.21874734 311.02987421 308.93343905
 0.050          NaN 335.64616077 321.16474746 315.09924760 311.65301624 309.40001593
 0.055          NaN 338.08575323 322.38468234 315.86290291 312.18169210 309.78825417
 0.060          NaN 340.33283286 323.47073515 316.52521894 312.63022252 310.11130689
 0.065          NaN 342.40259119 324.43759880 317.09964370 313.01075727 310.38011878
 0.070          NaN 344.30902096 325.29835374 317.59784062 313.33360427 310.60379693
 0.075          NaN 346.06501069 326.06464490 318.02992536 313.60750878 310.78991934
 0.080          NaN 347.68243186 326.74683923 318.40467120 313.83989031 310.94479163
 0.085          NaN 349.17221915 327.35416597 318.72968717 314.03704361 311.07366074
 0.090          NaN 350.54444436 327.89484147 319.01157258 314.20430914 311.18089262
 0.095          NaN 351.80838451 328.37618039 319.25605097 314.34621780 311.27012018
 0.100          NaN 352.97258453 328.80469465 319.46808637 314.46661359 311.34436635
 0.105          NaN 354.04491508 329.18618149 319.65198405 314.56875780 311.40614653
 0.110          NaN 355.03262571 329.52580196 319.81147797 314.65541730 311.45755377
 0.115          NaN 355.94239390 329.82815069 319.94980659 314.72893952 311.50032969
 0.120          NaN 356.78037020 330.09731807 320.06977860 314.79131602 311.53592349
 0.125          NaN 357.55221979 330.33694561 320.17382997 314.84423646 311.56554107
 0.130          NaN 358.26316082 330.55027516 320.26407342 314.88913435 311.59018583
 0.135          NaN 358.91799964 330.74019280 320.34234130 314.92722587 311.61069272
 0.140          NaN 359.52116334 330.90926788 320.41022281 314.95954284 311.62775648
 0.145          NaN 360.07672964 331.05978776 320.46909624 314.98696068 311.64195522
 0.150          NaN 360.58845447 331.19378880 320.52015700 315.01022207 311.65376998
 0.155          NaN 361.05979739 331.31308386 320.56444184 315.02995711 311.66360103
 0.160          NaN 361.49394495 331.41928684 320.60284996 315.04670038 311.67178145
 0.165          NaN 361.89383221 331.51383455 320.63616121 315.06090544 311.67858836
 0.170          NaN 362.26216265 331.59800609 320.66505196 315.07295705 311.68425239
 0.175          NaN 362.60142638 331.67294020 320.69010882 315.08318168 311.68896542
 0.180          NaN 362.91391702 331.73965064 320.71184056 315.09185630 311.69288713
 0.185          NaN 363.20174718 331.79903993 320.73068844 315.09921587 311.69615038
 0.190          NaN 363.46686276 331.85191151 320.74703515 315.10545976 311.69886573
 0.195          NaN 363.71105608 331.89898068 320.76121260 315.11075709 311.70112517
 0.200          NaN 363.93597803 331.94088423 320.77350867 315.11525137 311.70300525
 0.205          NaN 364.14314921 331.97818905 320.78417301 315.11906433 311.70456966
 0.210          NaN 364.33397021 332.01139984 320.79342216 315.12229926 311.70587140
 0.215          NaN 364.50973109 332.04096589 320.80144392 315.12504378 311.70695458
 0.220          NaN 364.67162009 332.06728719 320.80840117 315.12737225 311.70785590
 0.225          NaN 364.82073167 332.09071985 320.81443517 315.12934772 311.70860588
 0.230          NaN 364.95807391 332.11158087 320.81966845 315.13102373 311.70922994
 0.235          NaN 365.08457532 332.13015247 320.82420725 315.13244565 311.70974922
 0.240          NaN 365.20109113 332.14668591 320.82814374 315.13365202 311.71018131
 0.245          NaN 365.30840903 332.16140487 320.83155784 315.13467550 311.71054086
 0.250          NaN 365.40725457 332.17450847 320.83451889 315.13554383 311.71084003
 0.255          NaN 365.49829599 332.18617398 320.83708699 315.13628052 311.71108898
 0.260          NaN 365.58214879 332.19655924 320.83931430 315.13690554 311.71129612
 0.265          NaN 365.65937986 332.20580473 320.84124604 315.13743580 311.71146849
 0.270          NaN 365.73051132 332.21403554 320.84292143 315.13788568 311.71161191
 0.275          NaN 365.79602406 332.22136301 320.84437449 315.13826735 311.71173126
 0.280          NaN 365.85636098 332.22788629 320.84563472 315.13859117 311.71183056
 0.285          NaN 365.91193000 332.23369362 320.84672772 315.13886590 311.71191320
 0.290          NaN 365.96310680 332.23886357 320.84767567 315.13909898 311.71198196
 0.295          NaN 366.01023735 332.24346608 320.84849782 315.13929672 311.71203917
 0.300          NaN 366.05364029 332.24756341 320.84921087 315.13946449 311.71208678
 0.305          NaN 366.09360905 332.25121101 320.84982929 315.13960682 311.71212639
 0.310          NaN 366.13041383 332.25445821 320.85036565 315.13972758 311.71215935
 0.315          NaN 366.16430345 332.25734895 320.85083082 315.13983003 311.71218678
 0.320          NaN 366.19550704 332.25992233 320.85123427 315.13991695 311.71220961
 0.325          NaN 366.22423554 332.26221317 320.85158417 315.13999069 311.71222860
 0.330          NaN 366.25068318 332.26425247 320.85188763 315.14005326 311.71224440
 0.335          NaN 366.27502875 332.26606780 320.85215082 315.14010633 311.71225755
 0.340          NaN 366.29743685 332.26768374 320.85237908 315.14015137 311.71226849
 0.345          NaN 366.31805897 332.26912214 320.85257704 315.14018957 311.71227760
 0.350          NaN 366.33703452 332.27040246 320.85274872 315.14022198 311.71228517
 0.355          NaN 366.35449178 332.27154202 320.85289762 315.14024948 311.71229147
 0.360          NaN 366.37054879 332.27255624 320.85302674 315.14027281 311.71229672
 0.365          NaN 366.38531410 332.27345884 320.85313872 315.14029260 311.71230108
 0.370          NaN 366.39888751 332.27426203 320.85323582 315.14030939 311.71230472
 0.375          NaN 366.41136081 332.27497668 320.85332003 315.14032364 311.71230774
 0.380          NaN 366.42281832 332.27561246 320.85339304 315.14033572 311.71231025
 0.385          NaN 366.43333749 332.27617796 320.85345635 315.14034597 311.71231234
 0.390          NaN 366.44298945 332.27668085 320.85351123 315.14035467 311.71231408
 0.395          NaN 366.45183944 332.27712791 320.85355880 315.14036204 311.71231553
 0.400          NaN 366.45994729 332.27752520 320.85360003 315.14036830 311.71231674
 0.405          NaN 366.46736782 332.27787810 320.85363576 315.14037360 311.71231774
 0.410          NaN 366.47415120 332.27819137 320.85366670 315.14037810 311.71231857
 0.415          NaN 366.48034328 332.27846926 320.85369349 315.14038191 311.71231927
 0.420          NaN 366.48598593 332.27871553 320.85371668 315.14038514 311.71231984
 0.425          NaN 366.49111730 332.27893350 320.85373672 315.14038788 311.71232032
 0.430          NaN 366.49577206 332.27912614 320.85375404 315.14039019 311.71232072
 0.435          NaN 366.49998171 332.27929603 320.85376897 315.14039215 311.71232105
 0.440          NaN 366.50377469 332.27944549 320.85378184 315.14039381 311.71232133
 0.445          NaN 366.50717664 332.27957653 320.85379288 315.14039520 311.71232155
 0.450          NaN 366.51021057 332.27969092 320.85380234 315.14039637 311.71232174
 0.455          NaN 366.51289699 332.27979022 320.85381040 315.14039735 311.71232190
 0.460          NaN 366.51525405 332.27987577 320.85381722 315.14039817 311.71232202
 0.465          NaN 366.51729770 332.27994872 320.85382295 315.14039885 311.71232213
 0.470          NaN 366.51904175 332.28001006 320.85382770 315.14039940 311.71232221
 0.475          NaN 366.52049799 332.28006063 320.85383157 315.14039984 311.71232228
 0.480          NaN 366.52167627 332.28010110 320.85383463 315.14040019 311.71232233
 0.485          NaN 366.52258454 332.28013202 320.85383695 315.14040045 311.71232237
 0.490          NaN 366.52322896 332.28015381 320.85383857 315.14040064 311.71232239
 0.495          NaN 366.52361388 332.28016677 320.85383953 315.14040074 311.71232241
 0.500          NaN 366.52374189 332.28017107 320.85383985 315.14040078 311.71232241
 0.505          NaN 366.52361388 332.28016677 320.85383953 315.14040074 311.71232241
 0.510          NaN 366.52322896 332.28015381 320.85383857 315.14040064 311.71232239
 0.515          NaN 366.52258454 332.28013202 320.85383695 315.14040045 311.71232237
 0.520          NaN 366.52167627 332.28010110 320.85383463 315.14040019 311.71232233
 0.525          NaN 366.52049799 332.28006063 320.85383157 315.14039984 311.71232228
 0.530          NaN 366.51904175 332.28001006 320.85382770 315.14039940 311.71232221
 0.535          NaN 366.51729770 332.27994872 320.85382295 315.14039885 311.71232213
 0.540          NaN 366.51525405 332.27987577 320.85381722 315.14039817 311.71232202
 0.545          NaN 366.51289699 332.27979022 320.85381040 315.14039735 311.71232190
 0.550          NaN 366.51021057 332.27969092 320.85380234 315.14039637 311.71232174
 0.555          NaN 366.50717664 332.27957653 320.85379288 315.14039520 311.71232155
 0.560          NaN 366.50377469 332.27944549 320.85378184 315.14039381 311.71232133
 0.565          NaN 366.49998171 332.27929603 320.85376897 315.14039215 311.71232105
 0.570          NaN 366.49577206 332.27912614 320.85375404 315.14039019 311.71232072
 0.575          NaN 366.49111730 332.27893350 320.85373672 315.14038788 311.71232032
 0.580          NaN 366.48598593 332.27871553 320.85371668 315.14038514 311.71231984
 0.585          NaN 366.48034328 332.27846926 320.85369349 315.14038191 311.71231927
 0.590          NaN 366.47415120 332.27819137 320.85366670 315.14037810 311.71231857
 0.595          NaN 366.46736782 332.27787810 320.85363576 315.14037360 311.71231774
 0.600          NaN 366.45994729 332.27752520 320.85360003 315.14036830 311.71231674
 0.605          NaN 366.45183944 332.27712791 320.85355880 315.14036204 311.71231553
 0.610          NaN 366.44298945 332.27668085 320.85351123 315.14035467 311.71231408
 0.615          NaN 366.43333749 332.27617796 320.85345635 315.14034597 311.71231234
 0.620          NaN 366.42281832 332.27561246 320.85339304 315.14033572 311.71231025
 0.625          NaN 366.41136081 332.27497668 320.85332003 315.14032364 311.71230774
 0.630          NaN 366.39888751 332.27426203 320.85323582 315.14030939 311.71230472
 0.635          NaN 366.38531410 332.27345884 320.85313872 315.14029260 311.71230108
 0.640          NaN 366.37054879 332.27255624 320.85302674 315.14027281 311.71229672
 0.645          NaN 366.35449178 332.27154202 320.85289762 315.14024948 311.71229147
 0.650          NaN 366.33703452 332.27040246 320.85274872 315.14022198 311.71228517
 0.655          NaN 366.31805897 332.26912214 320.85257704 315.14018957 311.71227760
 0.660          NaN 366.29743685 332.26768374 320.85237908 315.14015137 311.71226849
 0.665          NaN 366.27502875 332.26606780 320.85215082 315.14010633 311.71225755
 0.670          NaN 366.25068318 332.26425247 320.85188763 315.14005326 311.71224440
 0.675          NaN 366.22423554 332.26221317 320.85158417 315.13999069 311.71222860
 0.680          NaN 366.19550704 332.25992233 320.85123427 315.13991695 311.71220961
 0.685          NaN 366.16430345 332.25734895 320.85083082 315.13983003 311.71218678
 0.690          NaN 366.13041383 332.25445821 320.85036565 315.13972758 311.71215935
 0.695          NaN 366.09360905 332.25121101 320.84982929 315.13960682 311.71212639
 0.700          NaN 366.05364029 332.24756341 320.84921087 315.13946449 311.71208678
 0.705          NaN 366.01023735 332.24346608 320.84849782 315.13929672 311.71203917
 0.710          NaN 365.96310680 332.23886357 320.84767567 315.13909898 311.71198196
 0.715          NaN 365.91193000 332.23369362 320.84672772 315.13886590 311.71191320
 0.720          NaN 365.85636098 332.22788629 320.84563472 315.13859117 311.71183056
 0.725          NaN 365.79602406 332.22136301 320.84437449 315.13826735 311.71173126
 0.730          NaN 365.73051132 332.21403554 320.84292143 315.13788568 311.71161191
 0.735          NaN 365.65937986 332.20580473 320.84124604 315.13743580 311.71146849
 0.740          NaN 365.58214879 332.19655924 320.83931430 315.13690554 311.71129612
 0.745          NaN 365.49829599 332.18617398 320.83708699 315.13628052 311.71108898
 0.750          NaN 365.40725457 332.17450847 320.83451889 315.13554383 311.71084003
 0.755          NaN 365.30840903 332.16140487 320.83155784 315.13467550 311.71054086
 0.760          NaN 365.20109113 332.14668591 320.82814374 315.13365202 311.71018131
 0.765          NaN 365.08457532 332.13015247 320.82420725 315.13244565 311.70974922
 0.770          NaN 364.95807391 332.11158087 320.81966845 315.13102373 311.70922994
 0.775          NaN 364.82073167 332.09071985 320.81443517 315.12934772 311.70860588
 0.780          NaN 364.67162009 332.06728719 320.80840117 315.12737225 311.70785590
 0.785          NaN 364.50973109 332.04096589 320.80144392 315.12504378 311.70695458
 0.790          NaN 364.33397021 332.01139984 320.79342216 315.12229926 311.70587140
 0.795          NaN 364.14314921 331.97818905 320.78417301 315.11906433 311.70456966
 0.800          NaN 363.93597803 331.94088423 320.77350867 315.11525137 311.70300525
 0.805          NaN 363.71105608 331.89898068 320.76121260 315.11075709 311.70112517
 0.810          NaN 363.46686276 331.85191151 320.74703515 315.10545976 311.69886573
 0.815          NaN 363.20174718 331.79903993 320.73068844 315.09921587 311.69615038
 0.820          NaN 362.91391702 331.73965064 320.71184056 315.09185630 311.69288713
 0.825          NaN 362.60142638 331.67294020 320.69010882 315.08318168 311.68896542
 0.830          NaN 362.26216265 331.59800609 320.66505196 315.07295705 311.68425239
 0.835          NaN 361.89383221 331.51383455 320.63616121 315.06090544 311.67858836
 0.840          NaN 361.49394495 331.41928684 320.60284996 315.04670038 311.67178145
 0.845          NaN 361.05979739 331.31308386 320.56444184 315.02995711 311.66360103
 0.850          NaN 360.58845447 331.19378880 320.52015700 315.01022207 311.65376998
 0.855          NaN 360.07672964 331.05978776 320.46909624 314.98696068 311.64195522
 0.860          NaN 359.52116334 330.90926788 320.41022281 314.95954284 311.62775648
 0.865          NaN 358.91799964 330.74019280 320.34234130 314.92722587 311.61069272
 0.870          NaN 358.26316082 330.55027516 320.26407342 314.88913435 311.59018583
 0.875          NaN 357.55221979 330.33694561 320.17382997 314.84423646 311.56554107
 0.880          NaN 356.78037020 330.09731807 320.06977860 314.79131602 311.53592349
 0.885          NaN 355.94239390 329.82815069 319.94980659 314.72893952 311.50032969
 0.890          NaN 355.03262571 329.52580196 319.81147797 314.65541730 311.45755377
 0.895          NaN 354.04491508 329.18618149 319.65198405 314.56875780 311.40614653
 0.900          NaN 352.97258453 328.80469465 319.46808637 314.46661359 311.34436635
 0.905          NaN 351.80838451 328.37618039 319.25605097 314.34621780 311.27012018
 0.910          NaN 350.54444436 327.89484147 319.01157258 314.20430914 311.18089262
 0.915          NaN 349.17221915 327.35416597 318.72968717 314.03704361 311.07366074
 0.920          NaN 347.68243186 326.74683923 318.40467120 313.83989031 310.94479163
 0.925          NaN 346.06501069 326.06464490 318.02992536 313.60750878 310.78991934
 0.930          NaN 344.30902096 325.29835374 317.59784062 313.33360427 310.60379693
 0.935          NaN 342.40259119 324.43759880 317.09964370 313.01075727 310.38011878
 0.940          NaN 340.33283286 323.47073515 316.52521894 312.63022252 310.11130689
 0.945          NaN 338.08575323 322.38468234 315.86290291 312.18169210 309.78825417
 0.950          NaN 335.64616077 321.16474746 315.09924760 311.65301624 309.40001593
 0.955          NaN 332.99756247 319.79442632 314.21874734 311.02987421 308.93343905
 0.960          NaN 330.12205233 318.25518021 313.20352398 310.29538635 308.37271635
 0.965          NaN 327.00019026 316.52618507 312.03296389 309.42965690 307.69885113
 0.970          NaN 323.61087074 314.58404977 310.68329939 308.40923501 306.88901348
 0.975          NaN 319.93118005 312.40249968 309.12712617 307.20647954 305.91576693
 0.980          NaN 315.93624143 309.95202117 307.33284687 305.78881031 304.74613885
 0.985          NaN 311.59904683 307.19946237 305.26402946 304.11782556 303.34050341
 0.990          NaN 306.89027438 304.10758462 302.87866760 302.14826174 301.65123907
 0.995          NaN 301.77809014 300.63455872 300.12832760 299.82676738 299.62111525
 1.000          NaN 296.22793287 296.73339902 296.95716510 297.09045796 297.18135338
