     x          500          600          700          800          900         1000
 0.000 296.87793176 296.65351811 296.42910446 296.20469081 295.98027716 295.75586351
 0.005 300.42304454 300.90765345 301.39226236 301.87687127 302.36148018 302.84608908
 0.010 303.74654934 304.89585921 306.04516908 307.19447895 308.34378882 309.49309868
 0.015 306.86229890 308.63475868 310.40721846 312.17967825 313.95213803 315.72459781
 0.020 309.78328002 312.13993603 314.49659203 316.85324804 319.20990404 321.56656005
 0.025 312.52166768 315.42600122 318.33033475 321.23466829 324.13900183 327.04333536
 0.030 315.08887579 318.50665095 321.92442611 325.34220127 328.75997643 332.17775158
 0.035 317.49560477 321.39472572 325.29384667 329.19296763 333.09208858 336.99120954
 0.040 319.75188613 324.10226336 328.45264058 332.80301781 337.15339503 341.50377226
 0.045 321.86712431 326.64054918 331.41397404 336.18739890 340.96082377 345.73424863
 0.050 323.85013587 329.02016305 334.19019022 339.36021740 344.53024457 349.70027175
 0.055 325.70918623 331.25102347 336.79286072 342.33469797 347.87653521 353.41837246
 0.060 327.45202411 333.34242893 339.23283375 345.12323857 351.01364340 356.90404822
 0.065 329.08591386 335.30309663 341.52027941 347.73746218 353.95464495 360.17182772
 0.070 330.61766573 337.14119887 343.66473202 350.18826516 356.71179831 363.23533145
 0.075 332.05366422 338.86439706 345.67512990 352.48586275 359.29659559 366.10732844
 0.080 333.39989474 340.47987369 347.55985264 354.63983158 361.71981053 368.79978948
 0.085 334.66196854 341.99436224 349.32675595 356.65914966 363.99154337 371.32393707
 0.090 335.84514607 343.41417529 350.98320450 358.55223372 366.12126293 373.69029215
 0.095 336.95435897 344.74523076 352.53610256 360.32697435 368.11784615 375.90871794
 0.100 337.99423055 345.99307666 353.99192277 361.99076888 369.98961499 377.98846110
 0.105 338.96909512 347.16291414 355.35673316 363.55055219 371.74437121 379.93819023
 0.110 339.88301602 348.25961922 356.63622243 365.01282563 373.38942883 381.76603204
 0.115 340.73980258 349.28776309 357.83572361 366.38368413 374.93164464 383.47960516
 0.120 341.54302598 350.25163118 358.96023638 367.66884157 376.37744677 385.08605196
 0.125 342.29603416 351.15524099 360.01444782 368.87365465 377.73286148 386.59206831
 0.130 343.00196572 352.00235887 361.00275201 370.00314516 379.00353830 388.00393145
 0.135 343.66376309 352.79651570 361.92926832 371.06202094 380.19477356 389.32752617
 0.140 344.28418469 353.54102163 362.79785857 372.05469551 381.31153245 390.56836939
 0.145 344.86581653 354.23897984 363.61214314 372.98530645 382.35846975 391.73163306
 0.150 345.41108291 354.89329949 364.37551607 373.85773265 383.33994923 392.82216581
 0.155 345.92225655 355.50670786 365.09115917 374.67561048 384.26006179 393.84451310
 0.160 346.40146810 356.08176172 365.76205534 375.44234896 385.12264258 394.80293620
 0.165 346.85071495 356.62085795 366.39100094 376.16114393 385.93128692 395.70142991
 0.170 347.27186963 357.12624356 366.98061748 376.83499141 386.68936533 396.54373926
 0.175 347.66668755 357.60002506 367.53336257 377.46670007 387.40003758 397.33337509
 0.180 348.03681435 358.04417722 368.05154009 378.05890296 388.06626583 398.07362870
 0.185 348.38379277 358.46055133 368.53730988 378.61406844 388.69082699 398.76758554
 0.190 348.70906906 358.85088287 368.99269668 379.13451049 389.27632430 399.41813811
 0.195 349.01399899 359.21679879 369.41959859 379.62239839 389.82519819 400.02799799
 0.200 349.29985356 359.55982428 369.81979499 380.07976570 390.33973641 400.59970713
 0.205 349.56782424 359.88138909 370.19495394 380.50851879 390.82208364 401.13564848
 0.210 349.81902796 360.18283355 370.54663915 380.91044474 391.27425033 401.63805592
 0.215 350.05451177 360.46541412 370.87631647 381.28721883 391.69812118 402.10902354
 0.220 350.27525718 360.73030862 371.18536006 381.64041149 392.09546293 402.55051437
 0.225 350.48218430 360.97862116 371.47505802 381.97149488 392.46793174 402.96436860
 0.230 350.67615562 361.21138674 371.74661786 382.28184899 392.81708011 403.35231123
 0.235 350.85797962 361.42957555 372.00117147 382.57276740 393.14436332 403.71595925
 0.240 351.02841418 361.63409702 372.23977986 382.84546270 393.45114553 404.05682837
 0.245 351.18816969 361.82580363 372.46343757 383.10107151 393.73870545 404.37633938
 0.250 351.33791202 362.00549443 372.67307683 383.34065924 394.00824164 404.67582405
 0.255 351.47826532 362.17391839 372.86957145 383.56522452 394.26087758 404.95653065
 0.260 351.60981460 362.33177752 373.05374044 383.77570336 394.49766628 405.21962920
 0.265 351.73310816 362.47972980 373.22635143 383.97297306 394.71959470 405.46621633
 0.270 351.84865992 362.61839190 373.38812389 384.15785587 394.92758786 405.69731984
 0.275 351.95695150 362.74834180 373.53973210 384.33112240 395.12251270 405.91390300
 0.280 352.05843427 362.87012112 373.68180798 384.49349483 395.30518169 406.11686854
 0.285 352.15353123 362.98423748 373.81494372 384.64564997 395.47635621 406.30706246
 0.290 352.24263875 363.09116650 373.93969425 384.78822200 395.63674975 406.48527750
 0.295 352.32612824 363.19135389 374.05657954 384.92180519 395.78703084 406.65225648
 0.300 352.40434770 363.28521724 374.16608678 385.04695632 395.92782586 406.80869540
 0.305 352.47762315 363.37314778 374.26867241 385.16419704 396.05972167 406.95524630
 0.310 352.54626001 363.45551201 374.36476402 385.27401602 396.18326802 407.09252002
 0.315 352.61054438 363.53265325 374.45476213 385.37687100 396.29897988 407.22108875
 0.320 352.67074418 363.60489302 374.53904185 385.47319069 396.40733953 407.34148836
 0.325 352.72711035 363.67253242 374.61795449 385.56337656 396.50879863 407.45422071
 0.330 352.77987783 363.73585339 374.69182896 385.64780452 396.60378009 407.55975565
 0.335 352.82926655 363.79511986 374.76097317 385.72682648 396.69267979 407.65853309
 0.340 352.87548237 363.85057884 374.82567532 385.80077179 396.77586827 407.75096474
 0.345 352.91871793 363.90246151 374.88620510 385.86994869 396.85369227 407.83743586
 0.350 352.95915343 363.95098412 374.94281481 385.93464549 396.92647618 407.91830687
 0.355 352.99695742 363.99634891 374.99574039 385.99513188 396.99452336 407.99391485
 0.360 353.03228747 364.03874497 375.04520246 386.05165996 397.05811745 408.06457495
 0.365 353.06529084 364.07834901 375.09140717 386.10446534 397.11752351 408.13058168
 0.370 353.09610508 364.11532610 375.13454712 386.15376813 397.17298915 408.19221017
 0.375 353.12485865 364.14983037 375.17480210 386.19977383 397.22474556 408.24971729
 0.380 353.15167137 364.18200564 375.21233992 386.24267419 397.27300847 408.30334274
 0.385 353.17665502 364.21198602 375.24731703 386.28264803 397.31797903 408.35331004
 0.390 353.19991372 364.23989647 375.27987921 386.31986196 397.35984470 408.39982745
 0.395 353.22154443 364.26585332 375.31016221 386.35447109 397.39877998 408.44308887
 0.400 353.24163730 364.28996476 375.33829222 386.38661968 397.43494714 408.48327460
 0.405 353.26027608 364.31233130 375.36438652 386.41644173 397.46849695 408.52055217
 0.410 353.27753846 364.33304616 375.38855385 386.44406154 397.49956924 408.55507693
 0.415 353.29349640 364.35219567 375.41089495 386.46959423 397.52829351 408.58699279
 0.420 353.30821639 364.36985967 375.43150295 386.49314623 397.55478951 408.61643279
 0.425 353.32175981 364.38611177 375.45046374 386.51481570 397.57916766 408.64351962
 0.430 353.33418310 364.40101972 375.46785634 386.53469296 397.60152958 408.66836620
 0.435 353.34553804 364.41464565 375.48375326 386.55286086 397.62196847 408.69107608
 0.440 353.35587196 364.42704635 375.49822075 386.56939514 397.64056953 408.71174392
 0.445 353.36522794 364.43827353 375.51131911 386.58436470 397.65741029 408.73045588
 0.450 353.37364497 364.44837396 375.52310295 386.59783194 397.67256094 408.74728993
 0.455 353.38115813 364.45738975 375.53362138 386.60985300 397.68608463 408.76231625
 0.460 353.38779874 364.46535848 375.54291823 386.62047798 397.69803773 408.77559747
 0.465 353.39359448 364.47231337 375.55103227 386.62975116 397.70847006 408.78718895
 0.470 353.39856950 364.47828340 375.55799730 386.63771120 397.71742510 408.79713900
 0.475 353.40274455 364.48329346 375.56384237 386.64439128 397.72494019 408.80548910
 0.480 353.40613702 364.48736442 375.56859183 386.64981923 397.73104664 408.81227404
 0.485 353.40876106 364.49051327 375.57226548 386.65401769 397.73576990 408.81752211
 0.490 353.41062760 364.49275311 375.57487863 386.65700415 397.73912967 408.82125519
 0.495 353.41174441 364.49409330 375.57644218 386.65879106 397.74113995 408.82348883
 0.500 353.41211617 364.49453941 375.57696264 386.65938587 397.74180911 408.82423234
 0.505 353.41174441 364.49409330 375.57644218 386.65879106 397.74113995 408.82348883
 0.510 353.41062760 364.49275311 375.57487863 386.65700415 397.73912967 408.82125519
 0.515 353.40876106 364.49051327 375.57226548 386.65401769 397.73576990 408.81752211
 0.520 353.40613702 364.48736442 375.56859183 386.64981923 397.73104664 408.81227404
 0.525 353.40274455 364.48329346 375.56384237 386.64439128 397.72494019 408.80548910
 0.530 353.39856950 364.47828340 375.55799730 386.63771120 397.71742510 408.79713900
 0.535 353.39359448 364.47231337 375.55103227 386.62975116 397.70847006 408.78718895
 0.540 353.38779874 364.46535848 375.54291823 386.62047798 397.69803773 408.77559747
 0.545 353.38115813 364.45738975 375.53362138 386.60985300 397.68608463 408.76231625
 0.550 353.37364497 364.44837396 375.52310295 386.59783194 397.67256094 408.74728993
 0.555 353.36522794 364.43827353 375.51131911 386.58436470 397.65741029 408.73045588
 0.560 353.35587196 364.42704635 375.49822075 386.56939514 397.64056953 408.71174392
 0.565 353.34553804 364.41464565 375.48375326 386.55286086 397.62196847 408.69107608
 0.570 353.33418310 364.40101972 375.46785634 386.53469296 397.60152958 408.66836620
 0.575 353.32175981 364.38611177 375.45046374 386.51481570 397.57916766 408.64351962
 0.580 353.30821639 364.36985967 375.43150295 386.49314623 397.55478951 408.61643279
 0.585 353.29349640 364.35219567 375.41089495 386.46959423 397.52829351 408.58699279
 0.590 353.27753846 364.33304616 375.38855385 386.44406154 397.49956924 408.55507693
 0.595 353.26027608 364.31233130 375.36438652 386.41644173 397.46849695 408.52055217
 0.600 353.24163730 364.28996476 375.33829222 386.38661968 397.43494714 408.48327460
 0.605 353.22154443 364.26585332 375.31016221 386.35447109 397.39877998 408.44308887
 0.610 353.19991372 364.23989647 375.27987921 386.31986196 397.35984470 408.39982745
 0.615 353.17665502 364.21198602 375.24731703 386.28264803 397.31797903 408.35331004
 0.620 353.15167137 364.18200564 375.21233992 386.24267419 397.27300847 408.30334274
 0.625 353.12485865 364.14983037 375.17480210 386.19977383 397.22474556 408.24971729
 0.630 353.09610508 364.11532610 375.13454712 386.15376813 397.17298915 408.19221017
 0.635 353.06529084 364.07834901 375.09140717 386.10446534 397.11752351 408.13058168
 0.640 353.03228747 364.03874497 375.04520246 386.05165996 397.05811745 408.06457495
 0.645 352.99695742 363.99634891 374.99574039 385.99513188 396.99452336 407.99391485
 0.650 352.95915343 363.95098412 374.94281481 385.93464549 396.92647618 407.91830687
 0.655 352.91871793 363.90246151 374.88620510 385.86994869 396.85369227 407.83743586
 0.660 352.87548237 363.85057884 374.82567532 385.80077179 396.77586827 407.75096474
 0.665 352.82926655 363.79511986 374.76097317 385.72682648 396.69267979 407.65853309
 0.670 352.77987783 363.73585339 374.69182896 385.64780452 396.60378009 407.55975565
 0.675 352.72711035 363.67253242 374.61795449 385.56337656 396.50879863 407.45422071
 0.680 352.67074418 363.60489302 374.53904185 385.47319069 396.40733953 407.34148836
 0.685 352.61054438 363.53265325 374.45476213 385.37687100 396.29897988 407.22108875
 0.690 352.54626001 363.45551201 374.36476402 385.27401602 396.18326802 407.09252002
 0.695 352.47762315 363.37314778 374.26867241 385.16419704 396.05972167 406.95524630
 0.700 352.40434770 363.28521724 374.16608678 385.04695632 395.92782586 406.80869540
 0.705 352.32612824 363.19135389 374.05657954 384.92180519 395.78703084 406.65225648
 0.710 352.24263875 363.09116650 373.93969425 384.78822200 395.63674975 406.48527750
 0.715 352.15353123 362.98423748 373.81494372 384.64564997 395.47635621 406.30706246
 0.720 352.05843427 362.87012112 373.68180798 384.49349483 395.30518169 406.11686854
 0.725 351.95695150 362.74834180 373.53973210 384.33112240 395.12251270 405.91390300
 0.730 351.84865992 362.61839190 373.38812389 384.15785587 394.92758786 405.69731984
 0.735 351.73310816 362.47972980 373.22635143 383.97297306 394.71959470 405.46621633
 0.740 351.60981460 362.33177752 373.05374044 383.77570336 394.49766628 405.21962920
 0.745 351.47826532 362.17391839 372.86957145 383.56522452 394.26087758 404.95653065
 0.750 351.33791202 362.00549443 372.67307683 383.34065924 394.00824164 404.67582405
 0.755 351.18816969 361.82580363 372.46343757 383.10107151 393.73870545 404.37633938
 0.760 351.02841418 361.63409702 372.23977986 382.84546270 393.45114553 404.05682837
 0.765 350.85797962 361.42957555 372.00117147 382.57276740 393.14436332 403.71595925
 0.770 350.67615562 361.21138674 371.74661786 382.28184899 392.81708011 403.35231123
 0.775 350.48218430 360.97862116 371.47505802 381.97149488 392.46793174 402.96436860
 0.780 350.27525718 360.73030862 371.18536006 381.64041149 392.09546293 402.55051437
 0.785 350.05451177 360.46541412 370.87631647 381.28721883 391.69812118 402.10902354
 0.790 349.81902796 360.18283355 370.54663915 380.91044474 391.27425033 401.63805592
 0.795 349.56782424 359.88138909 370.19495394 380.50851879 390.82208364 401.13564848
 0.800 349.29985356 359.55982428 369.81979499 380.07976570 390.33973641 400.59970713
 0.805 349.01399899 359.21679879 369.41959859 379.62239839 389.82519819 400.02799799
 0.810 348.70906906 358.85088287 368.99269668 379.13451049 389.27632430 399.41813811
 0.815 348.38379277 358.46055133 368.53730988 378.61406844 388.69082699 398.76758554
 0.820 348.03681435 358.04417722 368.05154009 378.05890296 388.06626583 398.07362870
 0.825 347.66668755 357.60002506 367.53336257 377.46670007 387.40003758 397.33337509
 0.830 347.27186963 357.12624356 366.98061748 376.83499141 386.68936533 396.54373926
 0.835 346.85071495 356.62085795 366.39100094 376.16114393 385.93128692 395.70142991
 0.840 346.40146810 356.08176172 365.76205534 375.44234896 385.12264258 394.80293620
 0.845 345.92225655 355.50670786 365.09115917 374.67561048 384.26006179 393.84451310
 0.850 345.41108291 354.89329949 364.37551607 373.85773265 383.33994923 392.82216581
 0.855 344.86581653 354.23897984 363.61214314 372.98530645 382.35846975 391.73163306
 0.860 344.28418469 353.54102163 362.79785857 372.05469551 381.31153245 390.56836939
 0.865 343.66376309 352.79651570 361.92926832 371.06202094 380.19477356 389.32752617
 0.870 343.00196572 352.00235887 361.00275201 370.00314516 379.00353830 388.00393145
 0.875 342.29603416 351.15524099 360.01444782 368.87365465 377.73286148 386.59206831
 0.880 341.54302598 350.25163118 358.96023638 367.66884157 376.37744677 385.08605196
 0.885 340.73980258 349.28776309 357.83572361 366.38368413 374.93164464 383.47960516
 0.890 339.88301602 348.25961922 356.63622243 365.01282563 373.38942883 381.76603204
 0.895 338.96909512 347.16291414 355.35673316 363.55055219 371.74437121 379.93819023
 0.900 337.99423055 345.99307666 353.99192277 361.99076888 369.98961499 377.98846110
 0.905 336.95435897 344.74523076 352.53610256 360.32697435 368.11784615 375.90871794
 0.910 335.84514607 343.41417529 350.98320450 358.55223372 366.12126293 373.69029215
 0.915 334.66196854 341.99436224 349.32675595 356.65914966 363.99154337 371.32393707
 0.920 333.39989474 340.47987369 347.55985264 354.63983158 361.71981053 368.79978948
 0.925 332.05366422 338.86439706 345.67512990 352.48586275 359.29659559 366.10732844
 0.930 330.61766573 337.14119887 343.66473202 350.18826516 356.71179831 363.23533145
 0.935 329.08591386 335.30309663 341.52027941 347.73746218 353.95464495 360.17182772
 0.940 327.45202411 333.34242893 339.23283375 345.12323857 351.01364340 356.90404822
 0.945 325.70918623 331.25102347 336.79286072 342.33469797 347.87653521 353.41837246
 0.950 323.85013587 329.02016305 334.19019022 339.36021740 344.53024457 349.70027175
 0.955 321.86712431 326.64054918 331.41397404 336.18739890 340.96082377 345.73424863
 0.960 319.75188613 324.10226336 328.45264058 332.80301781 337.15339503 341.50377226
 0.965 317.49560477 321.39472572 325.29384667 329.19296763 333.09208858 336.99120954
 0.970 315.08887579 318.50665095 321.92442611 325.34220127 328.75997643 332.17775158
 0.975 312.52166768 315.42600122 318.33033475 321.23466829 324.13900183 327.04333536
 0.980 309.78328002 312.13993603 314.49659203 316.85324804 319.20990404 321.56656005
 0.985 306.86229890 308.63475868 310.40721846 312.17967825 313.95213803 315.72459781
 0.990 303.74654934 304.89585921 306.04516908 307.19447895 308.34378882 309.49309868
 0.995 300.42304454 300.90765345 301.39226236 301.87687127 302.36148018 302.84608908
 1.000 296.87793176 296.65351811 296.42910446 296.20469081 295.98027716 295.75586351
