     x            1            5           10           15           20           25
 0.000 295.63309045 296.95860347 297.28211176 297.43340962 297.52702337 297.59227274
 0.005 303.09843676 300.30479018 299.59853443 299.26478492 299.05726502 298.91220713
 0.010 310.07296211 303.55025862 301.86427325 301.06226852 300.56204007 300.21174148
 0.015 316.58893611 306.69801111 304.08037617 302.82641465 302.04169650 301.49111621
 0.020 322.67650676 309.75095953 306.24786819 304.55776728 303.49657650 302.75056800
 0.025 328.36383994 312.71192808 308.36775180 306.25686026 304.92701649 303.99032987
 0.030 333.67724968 315.58365586 310.44100749 307.92421747 306.33334730 305.21063115
 0.035 338.64132000 318.36879942 312.46859417 309.56035304 307.71589412 306.41169763
 0.040 343.27901856 321.06993524 314.45144965 311.16577146 309.07497669 307.59375149
 0.045 347.61180299 323.68956203 316.39049102 312.74096775 310.41090929 308.75701142
 0.050 351.65972013 326.23010316 318.28661512 314.28642759 311.72400088 309.90169263
 0.055 355.44149883 328.69390880 320.14069896 315.80262752 313.01455510 311.02800688
 0.060 358.97463655 331.08325814 321.95360008 317.29003505 314.28287040 312.13616255
 0.065 362.27548036 333.40036151 323.72615696 318.74910881 315.52924008 313.22636465
 0.070 365.35930253 335.64736239 325.45918947 320.18029868 316.75395238 314.29881487
 0.075 368.24037125 337.82633942 327.15349914 321.58404597 317.95729052 315.35371161
 0.080 370.93201660 339.93930830 328.80986964 322.96078351 319.13953277 316.39125004
 0.085 373.44669223 341.98822368 330.42906706 324.31093579 320.30095252 317.41162211
 0.090 375.79603300 343.97498096 332.01184030 325.63491914 321.44181838 318.41501657
 0.095 377.99090880 345.90141803 333.55892144 326.93314178 322.56239415 319.40161908
 0.100 380.04147485 347.76931697 335.07102602 328.20600402 323.66293899 320.37161214
 0.105 381.95721866 349.58040574 336.54885342 329.45389833 324.74370740 321.32517521
 0.110 383.74700398 351.33635971 337.99308716 330.67720948 325.80494931 322.26248471
 0.115 385.41911174 353.03880327 339.40439522 331.87631468 326.84691013 323.18371403
 0.120 386.98127843 354.68931129 340.78343037 333.05158366 327.86983084 324.08903361
 0.125 388.44073185 356.28941063 342.13083041 334.20337880 328.87394797 324.97861094
 0.130 389.80422458 357.84058148 343.44721857 335.33205524 329.85949374 325.85261058
 0.135 391.07806520 359.34425878 344.73320367 336.43796101 330.82669606 326.71119424
 0.140 392.26814749 360.80183355 345.98938053 337.52143711 331.77577860 327.55452074
 0.145 393.37997771 362.21465415 347.21633014 338.58281760 332.70696084 328.38274612
 0.150 394.41870006 363.58402753 348.41461999 339.62242976 333.62045811 329.19602359
 0.155 395.38912047 364.91122046 349.58480430 340.64059415 334.51648168 329.99450361
 0.160 396.29572888 366.19746070 350.72742431 341.63762471 335.39523874 330.77833391
 0.165 397.14271995 367.44393810 351.84300851 342.61382885 336.25693252 331.54765949
 0.170 397.93401255 368.65180575 352.93207286 343.56950760 337.10176229 332.30262268
 0.175 398.67326780 369.82218101 353.99512109 344.50495561 337.92992341 333.04336315
 0.180 399.36390607 370.95614656 355.03264487 345.42046134 338.74160740 333.77001794
 0.185 400.00912281 372.05475140 356.04512406 346.31630706 339.53700197 334.48272149
 0.190 400.61190329 373.11901182 357.03302697 347.19276900 340.31629106 335.18160565
 0.195 401.17503644 374.14991233 357.99681052 348.05011742 341.07965488 335.86679970
 0.200 401.70112776 375.14840659 358.93692047 348.88861666 341.82726996 336.53843042
 0.205 402.19261135 376.11541828 359.85379164 349.70852528 342.55930919 337.19662206
 0.210 402.65176122 377.05184196 360.74784809 350.51009608 343.27594185 337.84149639
 0.215 403.08070174 377.95854388 361.61950336 351.29357623 343.97733368 338.47317270
 0.220 403.48141752 378.83636280 362.46916058 352.05920729 344.66364688 339.09176787
 0.225 403.85576260 379.68611077 363.29721275 352.80722535 345.33504015 339.69739633
 0.230 404.20546898 380.50857388 364.10404285 353.53786105 345.99166876 340.29017012
 0.235 404.53215469 381.30451295 364.89002406 354.25133968 346.63368455 340.87019892
 0.240 404.83733122 382.07466429 365.65551991 354.94788122 347.26123600 341.43759002
 0.245 405.12241056 382.81974033 366.40088444 355.62770047 347.87446823 341.99244840
 0.250 405.38871172 383.54043034 367.12646242 356.29100702 348.47352305 342.53487671
 0.255 405.63746680 384.23740100 367.83258942 356.93800540 349.05853900 343.06497529
 0.260 405.86982675 384.91129705 368.51959204 357.56889512 349.62965137 343.58284223
 0.265 406.08686664 385.56274191 369.18778805 358.18387070 350.18699222 344.08857332
 0.270 406.28959067 386.19233819 369.83748648 358.78312176 350.73069044 344.58226212
 0.275 406.47893680 386.80066833 370.46898784 359.36683308 351.26087177 345.06399998
 0.280 406.65578110 387.38829507 371.08258420 359.93518463 351.77765881 345.53387600
 0.285 406.82094177 387.95576201 371.67855938 360.48835167 352.28117108 345.99197713
 0.290 406.97518300 388.50359409 372.25718900 361.02650476 352.77152501 346.43838811
 0.295 407.11921841 389.03229811 372.81874071 361.54980983 353.24883400 346.87319153
 0.300 407.25371443 389.54236314 373.36347423 362.05842825 353.71320842 347.29646783
 0.305 407.37929334 390.03426104 373.89164150 362.55251683 354.16475568 347.70829531
 0.310 407.49653617 390.50844684 374.40348682 363.03222793 354.60358018 348.10875017
 0.315 407.60598537 390.96535921 374.89924692 363.49770946 355.02978341 348.49790649
 0.320 407.70814735 391.40542081 375.37915111 363.94910495 355.44346393 348.87583627
 0.325 407.80349478 391.82903874 375.84342133 364.38655358 355.84471741 349.24260942
 0.330 407.89246881 392.23660488 376.29227234 364.81019024 356.23363664 349.59829379
 0.335 407.97548112 392.62849624 376.72591172 365.22014555 356.61031156 349.94295520
 0.340 408.05291577 393.00507536 377.14454005 365.61654591 356.97482927 350.27665740
 0.345 408.12513104 393.36669061 377.54835095 365.99951356 357.32727407 350.59946213
 0.350 408.19246107 393.71367649 377.93753119 366.36916657 357.66772747 350.91142911
 0.355 408.25521736 394.04635400 378.31226077 366.72561893 357.99626819 351.21261606
 0.360 408.31369027 394.36503089 378.67271301 367.06898055 358.31297222 351.50307868
 0.365 408.36815036 394.67000196 379.01905462 367.39935729 358.61791279 351.78287073
 0.370 408.41884959 394.96154932 379.35144580 367.71685104 358.91116042 352.05204397
 0.375 408.46602255 395.23994268 379.67004028 368.02155967 359.19278294 352.31064818
 0.380 408.50988747 395.50543958 379.97498542 368.31357716 359.46284545 352.55873122
 0.385 408.55064733 395.75828561 380.26642225 368.59299353 359.72141042 352.79633897
 0.390 408.58849071 395.99871468 380.54448559 368.85989495 359.96853764 353.02351541
 0.395 408.62359270 396.22694920 380.80930402 369.11436371 360.20428426 353.24030255
 0.400 408.65611571 396.44320030 381.06100005 369.35647828 360.42870480 353.44674050
 0.405 408.68621022 396.64766803 381.29969007 369.58631330 360.64185115 353.64286746
 0.410 408.71401547 396.84054154 381.52548450 369.80393965 360.84377261 353.82871971
 0.415 408.73966010 397.02199926 381.73848775 370.00942443 361.03451587 354.00433162
 0.420 408.76326277 397.19220903 381.93879836 370.20283100 361.21412505 354.16973570
 0.425 408.78493269 397.35132833 382.12650897 370.38421899 361.38264167 354.32496253
 0.430 408.80477011 397.49950434 382.30170640 370.55364433 361.54010471 354.47004085
 0.435 408.82286682 397.63687413 382.46447167 370.71115927 361.68655058 354.60499748
 0.440 408.83930655 397.76356479 382.61488008 370.85681237 361.82201315 354.72985740
 0.445 408.85416536 397.87969352 382.75300118 370.99064855 361.94652375 354.84464370
 0.450 408.86751200 397.98536773 382.87889887 371.11270906 362.06011116 354.94937762
 0.455 408.87940823 398.08068519 382.99263137 371.22303156 362.16280166 355.04407853
 0.460 408.88990907 398.16573408 383.09425128 371.32165004 362.25461899 355.12876397
 0.465 408.89906313 398.24059306 383.18380561 371.40859493 362.33558438 355.20344958
 0.470 408.90691275 398.30533139 383.26133578 371.48389303 362.40571657 355.26814920
 0.475 408.91349425 398.36000895 383.32687764 371.54756756 362.46503177 355.32287478
 0.480 408.91883808 398.40467634 383.38046151 371.59963815 362.51354369 355.36763646
 0.485 408.92296897 398.43937485 383.42211218 371.64012085 362.55126355 355.40244252
 0.490 408.92590602 398.46413661 383.45184890 371.66902816 362.57820009 355.42729939
 0.495 408.92766284 398.47898450 383.46968543 371.68636898 362.59435951 355.44221167
 0.500 408.92824755 398.48393228 383.47563003 371.69214866 362.59974557 355.44718213
 0.505 408.92766284 398.47898450 383.46968543 371.68636898 362.59435951 355.44221167
 0.510 408.92590602 398.46413661 383.45184890 371.66902816 362.57820009 355.42729939
 0.515 408.92296897 398.43937485 383.42211218 371.64012085 362.55126355 355.40244252
 0.520 408.91883808 398.40467634 383.38046151 371.59963815 362.51354369 355.36763646
 0.525 408.91349425 398.36000895 383.32687764 371.54756756 362.46503177 355.32287478
 0.530 408.90691275 398.30533139 383.26133578 371.48389303 362.40571657 355.26814920
 0.535 408.89906313 398.24059306 383.18380561 371.40859493 362.33558438 355.20344958
 0.540 408.88990907 398.16573408 383.09425128 371.32165004 362.25461899 355.12876397
 0.545 408.87940823 398.08068519 382.99263137 371.22303156 362.16280166 355.04407853
 0.550 408.86751200 397.98536773 382.87889887 371.11270906 362.06011116 354.94937762
 0.555 408.85416536 397.87969352 382.75300118 370.99064855 361.94652375 354.84464370
 0.560 408.83930655 397.76356479 382.61488008 370.85681237 361.82201315 354.72985740
 0.565 408.82286682 397.63687413 382.46447167 370.71115927 361.68655058 354.60499748
 0.570 408.80477011 397.49950434 382.30170640 370.55364433 361.54010471 354.47004085
 0.575 408.78493269 397.35132833 382.12650897 370.38421899 361.38264167 354.32496253
 0.580 408.76326277 397.19220903 381.93879836 370.20283100 361.21412505 354.16973570
 0.585 408.73966010 397.02199926 381.73848775 370.00942443 361.03451587 354.00433162
 0.590 408.71401547 396.84054154 381.52548450 369.80393965 360.84377261 353.82871971
 0.595 408.68621022 396.64766803 381.29969007 369.58631330 360.64185115 353.64286746
 0.600 408.65611571 396.44320030 381.06100005 369.35647828 360.42870480 353.44674050
 0.605 408.62359270 396.22694920 380.80930402 369.11436371 360.20428426 353.24030255
 0.610 408.58849071 395.99871468 380.54448559 368.85989495 359.96853764 353.02351541
 0.615 408.55064733 395.75828561 380.26642225 368.59299353 359.72141042 352.79633897
 0.620 408.50988747 395.50543958 379.97498542 368.31357716 359.46284545 352.55873122
 0.625 408.46602255 395.23994268 379.67004028 368.02155967 359.19278294 352.31064818
 0.630 408.41884959 394.96154932 379.35144580 367.71685104 358.91116042 352.05204397
 0.635 408.36815036 394.67000196 379.01905462 367.39935729 358.61791279 351.78287073
 0.640 408.31369027 394.36503089 378.67271301 367.06898055 358.31297222 351.50307868
 0.645 408.25521736 394.04635400 378.31226077 366.72561893 357.99626819 351.21261606
 0.650 408.19246107 393.71367649 377.93753119 366.36916657 357.66772747 350.91142911
 0.655 408.12513104 393.36669061 377.54835095 365.99951356 357.32727407 350.59946213
 0.660 408.05291577 393.00507536 377.14454005 365.61654591 356.97482927 350.27665740
 0.665 407.97548112 392.62849624 376.72591172 365.22014555 356.61031156 349.94295520
 0.670 407.89246881 392.23660488 376.29227234 364.81019024 356.23363664 349.59829379
 0.675 407.80349478 391.82903874 375.84342133 364.38655358 355.84471741 349.24260942
 0.680 407.70814735 391.40542081 375.37915111 363.94910495 355.44346393 348.87583627
 0.685 407.60598537 390.96535921 374.89924692 363.49770946 355.02978341 348.49790649
 0.690 407.49653617 390.50844684 374.40348682 363.03222793 354.60358018 348.10875017
 0.695 407.37929334 390.03426104 373.89164150 362.55251683 354.16475568 347.70829531
 0.700 407.25371443 389.54236314 373.36347423 362.05842825 353.71320842 347.29646783
 0.705 407.11921841 389.03229811 372.81874071 361.54980983 353.24883400 346.87319153
 0.710 406.97518300 388.50359409 372.25718900 361.02650476 352.77152501 346.43838811
 0.715 406.82094177 387.95576201 371.67855938 360.48835167 352.28117108 345.99197713
 0.720 406.65578110 387.38829507 371.08258420 359.93518463 351.77765881 345.53387600
 0.725 406.47893680 386.80066833 370.46898784 359.36683308 351.26087177 345.06399998
 0.730 406.28959067 386.19233819 369.83748648 358.78312176 350.73069044 344.58226212
 0.735 406.08686664 385.56274191 369.18778805 358.18387070 350.18699222 344.08857332
 0.740 405.86982675 384.91129705 368.51959204 357.56889512 349.62965137 343.58284223
 0.745 405.63746680 384.23740100 367.83258942 356.93800540 349.05853900 343.06497529
 0.750 405.38871172 383.54043034 367.12646242 356.29100702 348.47352305 342.53487671
 0.755 405.12241056 382.81974033 366.40088444 355.62770047 347.87446823 341.99244840
 0.760 404.83733122 382.07466429 365.65551991 354.94788122 347.26123600 341.43759002
 0.765 404.53215469 381.30451295 364.89002406 354.25133968 346.63368455 340.87019892
 0.770 404.20546898 380.50857388 364.10404285 353.53786105 345.99166876 340.29017012
 0.775 403.85576260 379.68611077 363.29721275 352.80722535 345.33504015 339.69739633
 0.780 403.48141752 378.83636280 362.46916058 352.05920729 344.66364688 339.09176787
 0.785 403.08070174 377.95854388 361.61950336 351.29357623 343.97733368 338.47317270
 0.790 402.65176122 377.05184196 360.74784809 350.51009608 343.27594185 337.84149639
 0.795 402.19261135 376.11541828 359.85379164 349.70852528 342.55930919 337.19662206
 0.800 401.70112776 375.14840659 358.93692047 348.88861666 341.82726996 336.53843042
 0.805 401.17503644 374.14991233 357.99681052 348.05011742 341.07965488 335.86679970
 0.810 400.61190329 373.11901182 357.03302697 347.19276900 340.31629106 335.18160565
 0.815 400.00912281 372.05475140 356.04512406 346.31630706 339.53700197 334.48272149
 0.820 399.36390607 370.95614656 355.03264487 345.42046134 338.74160740 333.77001794
 0.825 398.67326780 369.82218101 353.99512109 344.50495561 337.92992341 333.04336315
 0.830 397.93401255 368.65180575 352.93207286 343.56950760 337.10176229 332.30262268
 0.835 397.14271995 367.44393810 351.84300851 342.61382885 336.25693252 331.54765949
 0.840 396.29572888 366.19746070 350.72742431 341.63762471 335.39523874 330.77833391
 0.845 395.38912047 364.91122046 349.58480430 340.64059415 334.51648168 329.99450361
 0.850 394.41870006 363.58402753 348.41461999 339.62242976 333.62045811 329.19602359
 0.855 393.37997771 362.21465415 347.21633014 338.58281760 332.70696084 328.38274612
 0.860 392.26814749 360.80183355 345.98938053 337.52143711 331.77577860 327.55452074
 0.865 391.07806520 359.34425878 344.73320367 336.43796101 330.82669606 326.71119424
 0.870 389.80422458 357.84058148 343.44721857 335.33205524 329.85949374 325.85261058
 0.875 388.44073185 356.28941063 342.13083041 334.20337880 328.87394797 324.97861094
 0.880 386.98127843 354.68931129 340.78343037 333.05158366 327.86983084 324.08903361
 0.885 385.41911174 353.03880327 339.40439522 331.87631468 326.84691013 323.18371403
 0.890 383.74700398 351.33635971 337.99308716 330.67720948 325.80494931 322.26248471
 0.895 381.95721866 349.58040574 336.54885342 329.45389833 324.74370740 321.32517521
 0.900 380.04147485 347.76931697 335.07102602 328.20600402 323.66293899 320.37161214
 0.905 377.99090880 345.90141803 333.55892144 326.93314178 322.56239415 319.40161908
 0.910 375.79603300 343.97498096 332.01184030 325.63491914 321.44181838 318.41501657
 0.915 373.44669223 341.98822368 330.42906706 324.31093579 320.30095252 317.41162211
 0.920 370.93201660 339.93930830 328.80986964 322.96078351 319.13953277 316.39125004
 0.925 368.24037125 337.82633942 327.15349914 321.58404597 317.95729052 315.35371161
 0.930 365.35930253 335.64736239 325.45918947 320.18029868 316.75395238 314.29881487
 0.935 362.27548036 333.40036151 323.72615696 318.74910881 315.52924008 313.22636465
 0.940 358.97463655 331.08325814 321.95360008 317.29003505 314.28287040 312.13616255
 0.945 355.44149883 328.69390880 320.14069896 315.80262752 313.01455510 311.02800688
 0.950 351.65972013 326.23010316 318.28661512 314.28642759 311.72400088 309.90169263
 0.955 347.61180299 323.68956203 316.39049102 312.74096775 310.41090929 308.75701142
 0.960 343.27901856 321.06993524 314.45144965 311.16577146 309.07497669 307.59375149
 0.965 338.64132000 318.36879942 312.46859417 309.56035304 307.71589412 306.41169763
 0.970 333.67724968 315.58365586 310.44100749 307.92421747 306.33334730 305.21063115
 0.975 328.36383994 312.71192808 308.36775180 306.25686026 304.92701649 303.99032987
 0.980 322.67650676 309.75095953 306.24786819 304.55776728 303.49657650 302.75056800
 0.985 316.58893611 306.69801111 304.08037617 302.82641465 302.04169650 301.49111621
 0.990 310.07296211 303.55025862 301.86427325 301.06226852 300.56204007 300.21174148
 0.995 303.09843676 300.30479018 299.59853443 299.26478492 299.05726502 298.91220713
 1.000 295.63309045 296.95860347 297.28211176 297.43340962 297.52702337 297.59227274
