     x            1            5           10           15           20           25
 0.000 295.75586351 289.31740529 285.49721809 283.51568708 282.34538837 281.58785391
 0.005 302.84608908 371.86717536 473.68830525 558.61065247 623.79965662 672.68557273
 0.010 309.49309868 431.64607638 572.37603730 663.07757915 717.69861629 750.56909358
 0.015 315.72459781 474.93531878 624.12805490 702.74874782 743.52056507 766.07888187
 0.020 321.56656005 506.28347800 651.26690257 717.81381839 750.62152807 769.16751384
 0.025 327.04333536 528.98443169 665.49856129 723.53475778 752.57427285 769.78258655
 0.030 332.17775158 545.42346069 672.96166777 725.70727647 753.11127215 769.90507264
 0.035 336.99120954 557.32788012 676.87533373 726.53228740 753.25894544 769.92946462
 0.040 341.50377226 565.94853539 678.92766694 726.84558413 753.29955518 769.93432205
 0.045 345.73424863 572.19123356 680.00391403 726.96455813 753.31072274 769.93528937
 0.050 349.70027175 576.71192012 680.56829987 727.00973834 753.31379379 769.93548200
 0.055 353.41837246 579.98560185 680.86426478 727.02689546 753.31463832 769.93552036
 0.060 356.90404822 582.35625771 681.01946929 727.03341085 753.31487056 769.93552800
 0.065 360.17182772 584.07298208 681.10085881 727.03588506 753.31493443 769.93552952
 0.070 363.23533145 585.31615812 681.14353961 727.03682464 753.31495199 769.93552982
 0.075 366.10732844 586.21641135 681.16592150 727.03718145 753.31495682 769.93552988
 0.080 368.79978948 586.86833502 681.17765860 727.03731694 753.31495815 769.93552990
 0.085 371.32393707 587.34042937 681.18381355 727.03736840 753.31495852 769.93552990
 0.090 373.69029215 587.68229927 681.18704122 727.03738794 753.31495862 769.93552990
 0.095 375.90871794 587.92986637 681.18873382 727.03739536 753.31495864 769.93552990
 0.100 377.98846110 588.10914354 681.18962142 727.03739817 753.31495865 769.93552990
 0.105 379.93819023 588.23896815 681.19008688 727.03739924 753.31495865 769.93552990
 0.110 381.76603204 588.33298141 681.19033097 727.03739965 753.31495866 769.93552990
 0.115 383.47960516 588.40106166 681.19045897 727.03739980 753.31495866 769.93552990
 0.120 385.08605196 588.45036238 681.19052609 727.03739986 753.31495866 769.93552990
 0.125 386.59206831 588.48606378 681.19056129 727.03739988 753.31495866 769.93552990
 0.130 388.00393145 588.51191716 681.19057975 727.03739989 753.31495866 769.93552990
 0.135 389.32752617 588.53063904 681.19058943 727.03739990 753.31495866 769.93552990
 0.140 390.56836939 588.54419659 681.19059450 727.03739990 753.31495866 769.93552990
 0.145 391.73163306 588.55401438 681.19059716 727.03739990 753.31495866 769.93552990
 0.150 392.82216581 588.56112399 681.19059856 727.03739990 753.31495866 769.93552990
 0.155 393.84451310 588.56627245 681.19059929 727.03739990 753.31495866 769.93552990
 0.160 394.80293620 588.57000074 681.19059968 727.03739990 753.31495866 769.93552990
 0.165 395.70142991 588.57270060 681.19059988 727.03739990 753.31495866 769.93552990
 0.170 396.54373926 588.57465572 681.19059998 727.03739990 753.31495866 769.93552990
 0.175 397.33337509 588.57607154 681.19060004 727.03739990 753.31495866 769.93552990
 0.180 398.07362870 588.57709681 681.19060007 727.03739990 753.31495866 769.93552990
 0.185 398.76758554 588.57783926 681.19060008 727.03739990 753.31495866 769.93552990
 0.190 399.41813811 588.57837691 681.19060009 727.03739990 753.31495866 769.93552990
 0.195 400.02799799 588.57876626 681.19060010 727.03739990 753.31495866 769.93552990
 0.200 400.59970713 588.57904820 681.19060010 727.03739990 753.31495866 769.93552990
 0.205 401.13564848 588.57925238 681.19060010 727.03739990 753.31495866 769.93552990
 0.210 401.63805592 588.57940023 681.19060010 727.03739990 753.31495866 769.93552990
 0.215 402.10902354 588.57950730 681.19060010 727.03739990 753.31495866 769.93552990
 0.220 402.55051437 588.57958483 681.19060010 727.03739990 753.31495866 769.93552990
 0.225 402.96436860 588.57964098 681.19060010 727.03739990 753.31495866 769.93552990
 0.230 403.35231123 588.57968164 681.19060010 727.03739990 753.31495866 769.93552990
 0.235 403.71595925 588.57971108 681.19060010 727.03739990 753.31495866 769.93552990
 0.240 404.05682837 588.57973241 681.19060010 727.03739990 753.31495866 769.93552990
 0.245 404.37633938 588.57974785 681.19060010 727.03739990 753.31495866 769.93552990
 0.250 404.67582405 588.57975903 681.19060010 727.03739990 753.31495866 769.93552990
 0.255 404.95653065 588.57976712 681.19060010 727.03739990 753.31495866 769.93552990
 0.260 405.21962920 588.57977299 681.19060010 727.03739990 753.31495866 769.93552990
 0.265 405.46621633 588.57977723 681.19060010 727.03739990 753.31495866 769.93552990
 0.270 405.69731984 588.57978031 681.19060010 727.03739990 753.31495866 769.93552990
 0.275 405.91390300 588.57978253 681.19060010 727.03739990 753.31495866 769.93552990
 0.280 406.11686854 588.57978415 681.19060010 727.03739990 753.31495866 769.93552990
 0.285 406.30706246 588.57978531 681.19060010 727.03739990 753.31495866 769.93552990
 0.290 406.48527750 588.57978616 681.19060010 727.03739990 753.31495866 769.93552990
 0.295 406.65225648 588.57978677 681.19060010 727.03739990 753.31495866 769.93552990
 0.300 406.80869540 588.57978722 681.19060010 727.03739990 753.31495866 769.93552990
 0.305 406.95524630 588.57978754 681.19060010 727.03739990 753.31495866 769.93552990
 0.310 407.09252002 588.57978777 681.19060010 727.03739990 753.31495866 769.93552990
 0.315 407.22108875 588.57978794 681.19060010 727.03739990 753.31495866 769.93552990
 0.320 407.34148836 588.57978806 681.19060010 727.03739990 753.31495866 769.93552990
 0.325 407.45422071 588.57978815 681.19060010 727.03739990 753.31495866 769.93552990
 0.330 407.55975565 588.57978821 681.19060010 727.03739990 753.31495866 769.93552990
 0.335 407.65853309 588.57978826 681.19060010 727.03739990 753.31495866 769.93552990
 0.340 407.75096474 588.57978829 681.19060010 727.03739990 753.31495866 769.93552990
 0.345 407.83743586 588.57978832 681.19060010 727.03739990 753.31495866 769.93552990
 0.350 407.91830687 588.57978833 681.19060010 727.03739990 753.31495866 769.93552990
 0.355 407.99391485 588.57978835 681.19060010 727.03739990 753.31495866 769.93552990
 0.360 408.06457495 588.57978836 681.19060010 727.03739990 753.31495866 769.93552990
 0.365 408.13058168 588.57978836 681.19060010 727.03739990 753.31495866 769.93552990
 0.370 408.19221017 588.57978837 681.19060010 727.03739990 753.31495866 769.93552990
 0.375 408.24971729 588.57978837 681.19060010 727.03739990 753.31495866 769.93552990
 0.380 408.30334274 588.57978837 681.19060010 727.03739990 753.31495866 769.93552990
 0.385 408.35331004 588.57978837 681.19060010 727.03739990 753.31495866 769.93552990
 0.390 408.39982745 588.57978838 681.19060010 727.03739990 753.31495866 769.93552990
 0.395 408.44308887 588.57978838 681.19060010 727.03739990 753.31495866 769.93552990
 0.400 408.48327460 588.57978838 681.19060010 727.03739990 753.31495866 769.93552990
 0.405 408.52055217 588.57978838 681.19060010 727.03739990 753.31495866 769.93552990
 0.410 408.55507693 588.57978838 681.19060010 727.03739990 753.31495866 769.93552990
 0.415 408.58699279 588.57978838 681.19060010 727.03739990 753.31495866 769.93552990
 0.420 408.61643279 588.57978838 681.19060010 727.03739990 753.31495866 769.93552990
 0.425 408.64351962 588.57978838 681.19060010 727.03739990 753.31495866 769.93552990
 0.430 408.66836620 588.57978838 681.19060010 727.03739990 753.31495866 769.93552990
 0.435 408.69107608 588.57978838 681.19060010 727.03739990 753.31495866 769.93552990
 0.440 408.71174392 588.57978838 681.19060010 727.03739990 753.31495866 769.93552990
 0.445 408.73045588 588.57978838 681.19060010 727.03739990 753.31495866 769.93552990
 0.450 408.74728993 588.57978838 681.19060010 727.03739990 753.31495866 769.93552990
 0.455 408.76231625 588.57978838 681.19060010 727.03739990 753.31495866 769.93552990
 0.460 408.77559747 588.57978838 681.19060010 727.03739990 753.31495866 769.93552990
 0.465 408.78718895 588.57978838 681.19060010 727.03739990 753.31495866 769.93552990
 0.470 408.79713900 588.57978838 681.19060010 727.03739990 753.31495866 769.93552990
 0.475 408.80548910 588.57978838 681.19060010 727.03739990 753.31495866 769.93552990
 0.480 408.81227404 588.57978838 681.19060010 727.03739990 753.31495866 769.93552990
 0.485 408.81752211 588.57978838 681.19060010 727.03739990 753.31495866 769.93552990
 0.490 408.82125519 588.57978838 681.19060010 727.03739990 753.31495866 769.93552990
 0.495 408.82348883 588.57978838 681.19060010 727.03739990 753.31495866 769.93552990
 0.500 408.82423234 588.57978838 681.19060010 727.03739990 753.31495866 769.93552990
 0.505 408.82348883 588.57978838 681.19060010 727.03739990 753.31495866 769.93552990
 0.510 408.82125519 588.57978838 681.19060010 727.03739990 753.31495866 769.93552990
 0.515 408.81752211 588.57978838 681.19060010 727.03739990 753.31495866 769.93552990
 0.520 408.81227404 588.57978838 681.19060010 727.03739990 753.31495866 769.93552990
 0.525 408.80548910 588.57978838 681.19060010 727.03739990 753.31495866 769.93552990
 0.530 408.79713900 588.57978838 681.19060010 727.03739990 753.31495866 769.93552990
 0.535 408.78718895 588.57978838 681.19060010 727.03739990 753.31495866 769.93552990
 0.540 408.77559747 588.57978838 681.19060010 727.03739990 753.31495866 769.93552990
 0.545 408.76231625 588.57978838 681.19060010 727.03739990 753.31495866 769.93552990
 0.550 408.74728993 588.57978838 681.19060010 727.03739990 753.31495866 769.93552990
 0.555 408.73045588 588.57978838 681.19060010 727.03739990 753.31495866 769.93552990
 0.560 408.71174392 588.57978838 681.19060010 727.03739990 753.31495866 769.93552990
 0.565 408.69107608 588.57978838 681.19060010 727.03739990 753.31495866 769.93552990
 0.570 408.66836620 588.57978838 681.19060010 727.03739990 753.31495866 769.93552990
 0.575 408.64351962 588.57978838 681.19060010 727.03739990 753.31495866 769.93552990
 0.580 408.61643279 588.57978838 681.19060010 727.03739990 753.31495866 769.93552990
 0.585 408.58699279 588.57978838 681.19060010 727.03739990 753.31495866 769.93552990
 0.590 408.55507693 588.57978838 681.19060010 727.03739990 753.31495866 769.93552990
 0.595 408.52055217 588.57978838 681.19060010 727.03739990 753.31495866 769.93552990
 0.600 408.48327460 588.57978838 681.19060010 727.03739990 753.31495866 769.93552990
 0.605 408.44308887 588.57978838 681.19060010 727.03739990 753.31495866 769.93552990
 0.610 408.39982745 588.57978838 681.19060010 727.03739990 753.31495866 769.93552990
 0.615 408.35331004 588.57978837 681.19060010 727.03739990 753.31495866 769.93552990
 0.620 408.30334274 588.57978837 681.19060010 727.03739990 753.31495866 769.93552990
 0.625 408.24971729 588.57978837 681.19060010 727.03739990 753.31495866 769.93552990
 0.630 408.19221017 588.57978837 681.19060010 727.03739990 753.31495866 769.93552990
 0.635 408.13058168 588.57978836 681.19060010 727.03739990 753.31495866 769.93552990
 0.640 408.06457495 588.57978836 681.19060010 727.03739990 753.31495866 769.93552990
 0.645 407.99391485 588.57978835 681.19060010 727.03739990 753.31495866 769.93552990
 0.650 407.91830687 588.57978833 681.19060010 727.03739990 753.31495866 769.93552990
 0.655 407.83743586 588.57978832 681.19060010 727.03739990 753.31495866 769.93552990
 0.660 407.75096474 588.57978829 681.19060010 727.03739990 753.31495866 769.93552990
 0.665 407.65853309 588.57978826 681.19060010 727.03739990 753.31495866 769.93552990
 0.670 407.55975565 588.57978821 681.19060010 727.03739990 753.31495866 769.93552990
 0.675 407.45422071 588.57978815 681.19060010 727.03739990 753.31495866 769.93552990
 0.680 407.34148836 588.57978806 681.19060010 727.03739990 753.31495866 769.93552990
 0.685 407.22108875 588.57978794 681.19060010 727.03739990 753.31495866 769.93552990
 0.690 407.09252002 588.57978777 681.19060010 727.03739990 753.31495866 769.93552990
 0.695 406.95524630 588.57978754 681.19060010 727.03739990 753.31495866 769.93552990
 0.700 406.80869540 588.57978722 681.19060010 727.03739990 753.31495866 769.93552990
 0.705 406.65225648 588.57978677 681.19060010 727.03739990 753.31495866 769.93552990
 0.710 406.48527750 588.57978616 681.19060010 727.03739990 753.31495866 769.93552990
 0.715 406.30706246 588.57978531 681.19060010 727.03739990 753.31495866 769.93552990
 0.720 406.11686854 588.57978415 681.19060010 727.03739990 753.31495866 769.93552990
 0.725 405.91390300 588.57978253 681.19060010 727.03739990 753.31495866 769.93552990
 0.730 405.69731984 588.57978031 681.19060010 727.03739990 753.31495866 769.93552990
 0.735 405.46621633 588.57977723 681.19060010 727.03739990 753.31495866 769.93552990
 0.740 405.21962920 588.57977299 681.19060010 727.03739990 753.31495866 769.93552990
 0.745 404.95653065 588.57976712 681.19060010 727.03739990 753.31495866 769.93552990
 0.750 404.67582405 588.57975903 681.19060010 727.03739990 753.31495866 769.93552990
 0.755 404.37633938 588.57974785 681.19060010 727.03739990 753.31495866 769.93552990
 0.760 404.05682837 588.57973241 681.19060010 727.03739990 753.31495866 769.93552990
 0.765 403.71595925 588.57971108 681.19060010 727.03739990 753.31495866 769.93552990
 0.770 403.35231123 588.57968164 681.19060010 727.03739990 753.31495866 769.93552990
 0.775 402.96436860 588.57964098 681.19060010 727.03739990 753.31495866 769.93552990
 0.780 402.55051437 588.57958483 681.19060010 727.03739990 753.31495866 769.93552990
 0.785 402.10902354 588.57950730 681.19060010 727.03739990 753.31495866 769.93552990
 0.790 401.63805592 588.57940023 681.19060010 727.03739990 753.31495866 769.93552990
 0.795 401.13564848 588.57925238 681.19060010 727.03739990 753.31495866 769.93552990
 0.800 400.59970713 588.57904820 681.19060010 727.03739990 753.31495866 769.93552990
 0.805 400.02799799 588.57876626 681.19060010 727.03739990 753.31495866 769.93552990
 0.810 399.41813811 588.57837691 681.19060009 727.03739990 753.31495866 769.93552990
 0.815 398.76758554 588.57783926 681.19060008 727.03739990 753.31495866 769.93552990
 0.820 398.07362870 588.57709681 681.19060007 727.03739990 753.31495866 769.93552990
 0.825 397.33337509 588.57607154 681.19060004 727.03739990 753.31495866 769.93552990
 0.830 396.54373926 588.57465572 681.19059998 727.03739990 753.31495866 769.93552990
 0.835 395.70142991 588.57270060 681.19059988 727.03739990 753.31495866 769.93552990
 0.840 394.80293620 588.57000074 681.19059968 727.03739990 753.31495866 769.93552990
 0.845 393.84451310 588.56627245 681.19059929 727.03739990 753.31495866 769.93552990
 0.850 392.82216581 588.56112399 681.19059856 727.03739990 753.31495866 769.93552990
 0.855 391.73163306 588.55401438 681.19059716 727.03739990 753.31495866 769.93552990
 0.860 390.56836939 588.54419659 681.19059450 727.03739990 753.31495866 769.93552990
 0.865 389.32752617 588.53063904 681.19058943 727.03739990 753.31495866 769.93552990
 0.870 388.00393145 588.51191716 681.19057975 727.03739989 753.31495866 769.93552990
 0.875 386.59206831 588.48606378 681.19056129 727.03739988 753.31495866 769.93552990
 0.880 385.08605196 588.45036238 681.19052609 727.03739986 753.31495866 769.93552990
 0.885 383.47960516 588.40106166 681.19045897 727.03739980 753.31495866 769.93552990
 0.890 381.76603204 588.33298141 681.19033097 727.03739965 753.31495866 769.93552990
 0.895 379.93819023 588.23896815 681.19008688 727.03739924 753.31495865 769.93552990
 0.900 377.98846110 588.10914354 681.18962142 727.03739817 753.31495865 769.93552990
 0.905 375.90871794 587.92986637 681.18873382 727.03739536 753.31495864 769.93552990
 0.910 373.69029215 587.68229927 681.18704122 727.03738794 753.31495862 769.93552990
 0.915 371.32393707 587.34042937 681.18381355 727.03736840 753.31495852 769.93552990
 0.920 368.79978948 586.86833502 681.17765860 727.03731694 753.31495815 769.93552990
 0.925 366.10732844 586.21641135 681.16592150 727.03718145 753.31495682 769.93552988
 0.930 363.23533145 585.31615812 681.14353961 727.03682464 753.31495199 769.93552982
 0.935 360.17182772 584.07298208 681.10085881 727.03588506 753.31493443 769.93552952
 0.940 356.90404822 582.35625771 681.01946929 727.03341085 753.31487056 769.93552800
 0.945 353.41837246 579.98560185 680.86426478 727.02689546 753.31463832 769.93552036
 0.950 349.70027175 576.71192012 680.56829987 727.00973834 753.31379379 769.93548200
 0.955 345.73424863 572.19123356 680.00391403 726.96455813 753.31072274 769.93528937
 0.960 341.50377226 565.94853539 678.92766694 726.84558413 753.29955518 769.93432205
 0.965 336.99120954 557.32788012 676.87533373 726.53228740 753.25894544 769.92946462
 0.970 332.17775158 545.42346069 672.96166777 725.70727647 753.11127215 769.90507264
 0.975 327.04333536 528.98443169 665.49856129 723.53475778 752.57427285 769.78258655
 0.980 321.56656005 506.28347800 651.26690257 717.81381839 750.62152807 769.16751384
 0.985 315.72459781 474.93531878 624.12805490 702.74874782 743.52056507 766.07888187
 0.990 309.49309868 431.64607638 572.37603730 663.07757915 717.69861629 750.56909358
 0.995 302.84608908 371.86717536 473.68830525 558.61065247 623.79965662 672.68557273
 1.000 295.75586351 289.31740529 285.49721809 283.51568708 282.34538837 281.58785391
