     x        0.005         0.01        0.015         0.02        0.025         0.03
 0.000 296.07140407 295.75586351 295.59431613 295.48837842 295.40995475 295.34780538
 0.005 305.93957910 302.84608908 301.42551927 300.55993790 299.95846363 299.50712591
 0.010 314.94681137 309.49309868 306.95733235 305.40516423 304.32490969 303.51410400
 0.015 323.16821328 315.72459781 312.20512507 310.03415337 308.51657132 307.37430553
 0.020 330.67234412 321.56656005 317.18347802 314.45655073 312.54043561 311.09309252
 0.025 337.52178174 327.04333536 321.90622315 318.68157123 316.40320994 314.67563053
 0.030 343.77364445 332.17775158 326.38648223 322.71801853 320.11133314 318.12689591
 0.035 349.48006728 336.99120954 330.63670331 326.57430335 323.67098629 321.45168262
 0.040 354.68863678 341.50377226 334.66869530 330.25846102 327.08810296 324.65460896
 0.045 359.44278787 345.73424863 338.49366076 333.77816820 330.36837914 327.74012395
 0.050 363.78216598 349.70027175 342.12222706 337.14075888 333.51728271 330.71251353
 0.055 367.74295772 353.41837246 345.56447588 340.35323968 336.54006259 333.57590649
 0.060 371.35819261 356.90404822 348.82997123 343.42230442 339.44175742 336.33428023
 0.065 374.65801854 360.17182772 351.92778605 346.35434811 342.22720405 338.99146627
 0.070 377.66995316 363.23533145 354.86652735 349.15548022 344.90104553 341.55115557
 0.075 380.41911335 366.10732844 357.65436021 351.83153747 347.46773888 344.01690366
 0.080 382.92842471 368.79978948 360.29903039 354.38809593 349.93156252 346.39213560
 0.085 385.21881268 371.32393707 362.80788590 356.83048270 352.29662338 348.68015069
 0.090 387.30937709 373.69029215 365.18789740 359.16378697 354.56686379 350.88412710
 0.095 389.21755141 375.90871794 367.44567755 361.39287063 356.74606801 353.00712628
 0.100 390.95924813 377.98846110 369.58749944 363.52237841 358.83786854 355.05209715
 0.105 392.54899149 379.93819023 371.61931393 365.55674756 360.84575221 357.02188031
 0.110 394.00003854 381.76603204 373.54676626 367.50021708 362.77306595 358.91921186
 0.115 395.32448975 383.47960516 375.37521171 369.35683657 364.62302240 360.74672730
 0.120 396.53338986 385.08605196 377.10973046 371.13047466 366.39870525 362.50696514
 0.125 397.63682006 386.59206831 378.75514175 372.82482707 368.10307437 364.20237043
 0.130 398.64398197 388.00393145 380.31601721 374.44342431 369.73897079 365.83529818
 0.135 399.56327445 389.32752617 381.79669361 375.98963904 371.30912137 367.40801661
 0.140 400.40236358 390.56836939 383.20128491 377.46669311 372.81614339 368.92271030
 0.145 401.16824663 391.73163306 384.53369363 378.87766425 374.26254891 370.38148323
 0.150 401.86731039 392.82216581 385.79762178 380.22549249 375.65074893 371.78636171
 0.155 402.50538445 393.84451310 386.99658107 381.51298629 376.98305745 373.13929719
 0.160 403.08778978 394.80293620 388.13390273 382.74282840 378.26169529 374.44216896
 0.165 403.61938312 395.70142991 389.21274671 383.91758143 379.48879380 375.69678677
 0.170 404.10459751 396.54373926 390.23611049 385.03969321 380.66639844 376.90489336
 0.175 404.54747920 397.33337509 391.20683741 386.11150188 381.79647214 378.06816684
 0.180 404.95172143 398.07362870 392.12762455 387.13524076 382.88089864 379.18822306
 0.185 405.32069524 398.76758554 393.00103026 388.11304302 383.92148556 380.26661783
 0.190 405.65747753 399.41813811 393.82948121 389.04694608 384.91996744 381.30484910
 0.195 405.96487679 400.02799799 394.61527920 389.93889593 385.87800866 382.30435901
 0.200 406.24545644 400.59970713 395.36060750 390.79075111 386.79720618 383.26653594
 0.205 406.50155628 401.13564848 396.06753695 391.60428663 387.67909220 384.19271640
 0.210 406.73531195 401.63805592 396.73803169 392.38119765 388.52513674 385.08418691
 0.215 406.94867277 402.10902354 397.37395464 393.12310302 389.33675007 385.94218575
 0.220 407.14341799 402.55051437 397.97707267 393.83154864 390.11528506 386.76790473
 0.225 407.32117160 402.96436860 398.54906148 394.50801069 390.86203945 387.56249081
 0.230 407.48341592 403.35231123 399.09151031 395.15389871 391.57825802 388.32704772
 0.235 407.63150391 403.71595925 399.60592631 395.77055855 392.26513461 389.06263746
 0.240 407.76667052 404.05682837 400.09373873 396.35927512 392.92381418 389.77028180
 0.245 407.89004290 404.37633938 400.55630294 396.92127515 393.55539469 390.45096370
 0.250 408.00264987 404.67582405 400.99490411 397.45772965 394.16092892 391.10562866
 0.255 408.10543048 404.95653065 401.41076089 397.96975644 394.74142622 391.73518603
 0.260 408.19924182 405.21962920 401.80502868 398.45842243 395.29785424 392.34051031
 0.265 408.28486621 405.46621633 402.17880293 398.92474585 395.83114047 392.92244232
 0.270 408.36301766 405.69731984 402.53312215 399.36969838 396.34217386 393.48179039
 0.275 408.43434791 405.91390300 402.86897078 399.79420715 396.83180623 394.01933149
 0.280 408.49945177 406.11686854 403.18728195 400.19915672 397.30085377 394.53581229
 0.285 408.55887216 406.30706246 403.48894006 400.58539088 397.75009832 395.03195020
 0.290 408.61310460 406.48527750 403.77478325 400.95371442 398.18028873 395.50843438
 0.295 408.66260132 406.65225648 404.04560570 401.30489482 398.59214209 395.96592670
 0.300 408.70777510 406.80869540 404.30215989 401.63966382 398.98634490 396.40506263
 0.305 408.74900264 406.95524630 404.54515861 401.95871900 399.36355427 396.82645216
 0.310 408.78662774 407.09252002 404.77527704 402.26272515 399.72439897 397.23068061
 0.315 408.82096417 407.22108875 404.99315452 402.55231573 400.06948049 397.61830949
 0.320 408.85229825 407.34148836 405.19939642 402.82809417 400.39937403 397.98987722
 0.325 408.88089129 407.45422071 405.39457576 403.09063511 400.71462951 398.34589993
 0.330 408.90698174 407.55975565 405.57923484 403.34048559 401.01577242 398.68687216
 0.335 408.93078715 407.65853309 405.75388671 403.57816623 401.30330474 399.01326753
 0.340 408.95250604 407.75096474 405.91901664 403.80417228 401.57770575 399.32553942
 0.345 408.97231954 407.83743586 406.07508341 404.01897467 401.83943285 399.62412159
 0.350 408.99039287 407.91830687 406.22252066 404.22302099 402.08892231 399.90942880
 0.355 409.00687675 407.99391485 406.36173801 404.41673640 402.32659002 400.18185733
 0.360 409.02190863 408.06457495 406.49312229 404.60052455 402.55283212 400.44178562
 0.365 409.03561387 408.13058168 406.61703852 404.77476840 402.76802575 400.68957471
 0.370 409.04810676 408.19221017 406.73383101 404.93983101 402.97252962 400.92556880
 0.375 409.05949148 408.24971729 406.84382424 405.09605633 403.16668461 401.15009569
 0.380 409.06986297 408.30334274 406.94732383 405.24376988 403.35081435 401.36346726
 0.385 409.07930771 408.35331004 407.04461734 405.38327946 403.52522578 401.56597990
 0.390 409.08790447 408.39982745 407.13597510 405.51487576 403.69020962 401.75791491
 0.395 409.09572494 408.44308887 407.22165092 405.63883298 403.84604087 401.93953889
 0.400 409.10283433 408.48327460 407.30188287 405.75540942 403.99297930 402.11110412
 0.405 409.10929193 408.52055217 407.37689385 405.86484798 404.13126984 402.27284893
 0.410 409.11515159 408.55507693 407.44689228 405.96737670 404.26114300 402.42499798
 0.415 409.12046217 408.58699279 407.51207264 406.06320922 404.38281526 402.56776261
 0.420 409.12526796 408.61643279 407.57261604 406.15254523 404.49648945 402.70134114
 0.425 409.12960904 408.64351962 407.62869068 406.23557087 404.60235505 402.82591910
 0.430 409.13352160 408.66836620 407.68045236 406.31245915 404.70058852 402.94166955
 0.435 409.13703827 408.69107608 407.72804491 406.38337027 404.79135361 403.04875326
 0.440 409.14018839 408.71174392 407.77160055 406.44845199 404.87480161 403.14731899
 0.445 409.14299821 408.73045588 407.81124029 406.50783993 404.95107163 403.23750364
 0.450 409.14549118 408.74728993 407.84707429 406.56165783 405.02029079 403.31943249
 0.455 409.14768807 408.76231625 407.87920209 406.61001783 405.08257449 403.39321934
 0.460 409.14960722 408.77559747 407.90771296 406.65302069 405.13802653 403.45896667
 0.465 409.15126461 408.78718895 407.93268612 406.69075603 405.18673936 403.51676583
 0.470 409.15267408 408.79713900 407.95419095 406.72330247 405.22879417 403.56669709
 0.475 409.15384738 408.80548910 407.97228720 406.75072783 405.26426107 403.60882982
 0.480 409.15479430 408.81227404 407.98702516 406.77308925 405.29319917 403.64322252
 0.485 409.15552272 408.81752211 407.99844576 406.79043333 405.31565671 403.66992299
 0.490 409.15603872 408.82125519 408.00658074 406.80279621 405.33167112 403.68896831
 0.495 409.15634662 408.82348883 408.01145271 406.81020365 405.34126911 403.70038492
 0.500 409.15644896 408.82423234 408.01307520 406.81267108 405.34446666 403.70418870
 0.505 409.15634662 408.82348883 408.01145271 406.81020365 405.34126911 403.70038492
 0.510 409.15603872 408.82125519 408.00658074 406.80279621 405.33167112 403.68896831
 0.515 409.15552272 408.81752211 407.99844576 406.79043333 405.31565671 403.66992299
 0.520 409.15479430 408.81227404 407.98702516 406.77308925 405.29319917 403.64322252
 0.525 409.15384738 408.80548910 407.97228720 406.75072783 405.26426107 403.60882982
 0.530 409.15267408 408.79713900 407.95419095 406.72330247 405.22879417 403.56669709
 0.535 409.15126461 408.78718895 407.93268612 406.69075603 405.18673936 403.51676583
 0.540 409.14960722 408.77559747 407.90771296 406.65302069 405.13802653 403.45896667
 0.545 409.14768807 408.76231625 407.87920209 406.61001783 405.08257449 403.39321934
 0.550 409.14549118 408.74728993 407.84707429 406.56165783 405.02029079 403.31943249
 0.555 409.14299821 408.73045588 407.81124029 406.50783993 404.95107163 403.23750364
 0.560 409.14018839 408.71174392 407.77160055 406.44845199 404.87480161 403.14731899
 0.565 409.13703827 408.69107608 407.72804491 406.38337027 404.79135361 403.04875326
 0.570 409.13352160 408.66836620 407.68045236 406.31245915 404.70058852 402.94166955
 0.575 409.12960904 408.64351962 407.62869068 406.23557087 404.60235505 402.82591910
 0.580 409.12526796 408.61643279 407.57261604 406.15254523 404.49648945 402.70134114
 0.585 409.12046217 408.58699279 407.51207264 406.06320922 404.38281526 402.56776261
 0.590 409.11515159 408.55507693 407.44689228 405.96737670 404.26114300 402.42499798
 0.595 409.10929193 408.52055217 407.37689385 405.86484798 404.13126984 402.27284893
 0.600 409.10283433 408.48327460 407.30188287 405.75540942 403.99297930 402.11110412
 0.605 409.09572494 408.44308887 407.22165092 405.63883298 403.84604087 401.93953889
 0.610 409.08790447 408.39982745 407.13597510 405.51487576 403.69020962 401.75791491
 0.615 409.07930771 408.35331004 407.04461734 405.38327946 403.52522578 401.56597990
 0.620 409.06986297 408.30334274 406.94732383 405.24376988 403.35081435 401.36346726
 0.625 409.05949148 408.24971729 406.84382424 405.09605633 403.16668461 401.15009569
 0.630 409.04810676 408.19221017 406.73383101 404.93983101 402.97252962 400.92556880
 0.635 409.03561387 408.13058168 406.61703852 404.77476840 402.76802575 400.68957471
 0.640 409.02190863 408.06457495 406.49312229 404.60052455 402.55283212 400.44178562
 0.645 409.00687675 407.99391485 406.36173801 404.41673640 402.32659002 400.18185733
 0.650 408.99039287 407.91830687 406.22252066 404.22302099 402.08892231 399.90942880
 0.655 408.97231954 407.83743586 406.07508341 404.01897467 401.83943285 399.62412159
 0.660 408.95250604 407.75096474 405.91901664 403.80417228 401.57770575 399.32553942
 0.665 408.93078715 407.65853309 405.75388671 403.57816623 401.30330474 399.01326753
 0.670 408.90698174 407.55975565 405.57923484 403.34048559 401.01577242 398.68687216
 0.675 408.88089129 407.45422071 405.39457576 403.09063511 400.71462951 398.34589993
 0.680 408.85229825 407.34148836 405.19939642 402.82809417 400.39937403 397.98987722
 0.685 408.82096417 407.22108875 404.99315452 402.55231573 400.06948049 397.61830949
 0.690 408.78662774 407.09252002 404.77527704 402.26272515 399.72439897 397.23068061
 0.695 408.74900264 406.95524630 404.54515861 401.95871900 399.36355427 396.82645216
 0.700 408.70777510 406.80869540 404.30215989 401.63966382 398.98634490 396.40506263
 0.705 408.66260132 406.65225648 404.04560570 401.30489482 398.59214209 395.96592670
 0.710 408.61310460 406.48527750 403.77478325 400.95371442 398.18028873 395.50843438
 0.715 408.55887216 406.30706246 403.48894006 400.58539088 397.75009832 395.03195020
 0.720 408.49945177 406.11686854 403.18728195 400.19915672 397.30085377 394.53581229
 0.725 408.43434791 405.91390300 402.86897078 399.79420715 396.83180623 394.01933149
 0.730 408.36301766 405.69731984 402.53312215 399.36969838 396.34217386 393.48179039
 0.735 408.28486621 405.46621633 402.17880293 398.92474585 395.83114047 392.92244232
 0.740 408.19924182 405.21962920 401.80502868 398.45842243 395.29785424 392.34051031
 0.745 408.10543048 404.95653065 401.41076089 397.96975644 394.74142622 391.73518603
 0.750 408.00264987 404.67582405 400.99490411 397.45772965 394.16092892 391.10562866
 0.755 407.89004290 404.37633938 400.55630294 396.92127515 393.55539469 390.45096370
 0.760 407.76667052 404.05682837 400.09373873 396.35927512 392.92381418 389.77028180
 0.765 407.63150391 403.71595925 399.60592631 395.77055855 392.26513461 389.06263746
 0.770 407.48341592 403.35231123 399.09151031 395.15389871 391.57825802 388.32704772
 0.775 407.32117160 402.96436860 398.54906148 394.50801069 390.86203945 387.56249081
 0.780 407.14341799 402.55051437 397.97707267 393.83154864 390.11528506 386.76790473
 0.785 406.94867277 402.10902354 397.37395464 393.12310302 389.33675007 385.94218575
 0.790 406.73531195 401.63805592 396.73803169 392.38119765 388.52513674 385.08418691
 0.795 406.50155628 401.13564848 396.06753695 391.60428663 387.67909220 384.19271640
 0.800 406.24545644 400.59970713 395.36060750 390.79075111 386.79720618 383.26653594
 0.805 405.96487679 400.02799799 394.61527920 389.93889593 385.87800866 382.30435901
 0.810 405.65747753 399.41813811 393.82948121 389.04694608 384.91996744 381.30484910
 0.815 405.32069524 398.76758554 393.00103026 388.11304302 383.92148556 380.26661783
 0.820 404.95172143 398.07362870 392.12762455 387.13524076 382.88089864 379.18822306
 0.825 404.54747920 397.33337509 391.20683741 386.11150188 381.79647214 378.06816684
 0.830 404.10459751 396.54373926 390.23611049 385.03969321 380.66639844 376.90489336
 0.835 403.61938312 395.70142991 389.21274671 383.91758143 379.48879380 375.69678677
 0.840 403.08778978 394.80293620 388.13390273 382.74282840 378.26169529 374.44216896
 0.845 402.50538445 393.84451310 386.99658107 381.51298629 376.98305745 373.13929719
 0.850 401.86731039 392.82216581 385.79762178 380.22549249 375.65074893 371.78636171
 0.855 401.16824663 391.73163306 384.53369363 378.87766425 374.26254891 370.38148323
 0.860 400.40236358 390.56836939 383.20128491 377.46669311 372.81614339 368.92271030
 0.865 399.56327445 389.32752617 381.79669361 375.98963904 371.30912137 367.40801661
 0.870 398.64398197 388.00393145 380.31601721 374.44342431 369.73897079 365.83529818
 0.875 397.63682006 386.59206831 378.75514175 372.82482707 368.10307437 364.20237043
 0.880 396.53338986 385.08605196 377.10973046 371.13047466 366.39870525 362.50696514
 0.885 395.32448975 383.47960516 375.37521171 369.35683657 364.62302240 360.74672730
 0.890 394.00003854 381.76603204 373.54676626 367.50021708 362.77306595 358.91921186
 0.895 392.54899149 379.93819023 371.61931393 365.55674756 360.84575221 357.02188031
 0.900 390.95924813 377.98846110 369.58749944 363.52237841 358.83786854 355.05209715
 0.905 389.21755141 375.90871794 367.44567755 361.39287063 356.74606801 353.00712628
 0.910 387.30937709 373.69029215 365.18789740 359.16378697 354.56686379 350.88412710
 0.915 385.21881268 371.32393707 362.80788590 356.83048270 352.29662338 348.68015069
 0.920 382.92842471 368.79978948 360.29903039 354.38809593 349.93156252 346.39213560
 0.925 380.41911335 366.10732844 357.65436021 351.83153747 347.46773888 344.01690366
 0.930 377.66995316 363.23533145 354.86652735 349.15548022 344.90104553 341.55115557
 0.935 374.65801854 360.17182772 351.92778605 346.35434811 342.22720405 338.99146627
 0.940 371.35819261 356.90404822 348.82997123 343.42230442 339.44175742 336.33428023
 0.945 367.74295772 353.41837246 345.56447588 340.35323968 336.54006259 333.57590649
 0.950 363.78216598 349.70027175 342.12222706 337.14075888 333.51728271 330.71251353
 0.955 359.44278787 345.73424863 338.49366076 333.77816820 330.36837914 327.74012395
 0.960 354.68863678 341.50377226 334.66869530 330.25846102 327.08810296 324.65460896
 0.965 349.48006728 336.99120954 330.63670331 326.57430335 323.67098629 321.45168262
 0.970 343.77364445 332.17775158 326.38648223 322.71801853 320.11133314 318.12689591
 0.975 337.52178174 327.04333536 321.90622315 318.68157123 316.40320994 314.67563053
 0.980 330.67234412 321.56656005 317.18347802 314.45655073 312.54043561 311.09309252
 0.985 323.16821328 315.72459781 312.20512507 310.03415337 308.51657132 307.37430553
 0.990 314.94681137 309.49309868 306.95733235 305.40516423 304.32490969 303.51410400
 0.995 305.93957910 302.84608908 301.42551927 300.55993790 299.95846363 299.50712591
 1.000 296.07140407 295.75586351 295.59431613 295.48837842 295.40995475 295.34780538
